668
334
82
113
584
208
18
242
817
437
326
232
462
399
331
342
403
107
680
246
220
470
71
327
473
263
699
256
171
672
2
440
593
143
802
164
337
472
499
739
253
353
288
618
333
759
620
865
531
94
88
661
529
435
170
610
202
417
918
397
408
79
330
162
93
136
990
291
79
789
98
73
275
20
699
439
798
437
231
806
122
406
621
125
30
514
426
906
828
290
455
283
628
44
443
413
541
862
553
100
323
846
844
442
19
672
814
431
861
320
602
443
21
852
563
128
790
180
70
645
174
360
990
107
818
964
76
210
977
258
255
892
883
805
119
112
383
448
802
27
765
856
726
73
698
806
233
572
474
91
972
885
133
246
853
191
536
946
236
972
749
394
530
435
184
802
634
17
160
853
42
461
829
468
709
482
364
505
426
231
671
852
464
203
389
314
167
726
884
232
818
274
141
945
891
689
4
564
693
306
60
508
820
915
23
256
191
447
69
766
247
394
869
81
23
39
980
650
431
549
709
443
516
154
794
156
145
138
29
812
534
344
813
710
962
956
953
132
598
355
326
148
796
41
748
367
121
122
930
381
471
600
200
941
673
440
787
574
332
552
917
408
259
265
449
1
120
931
170
875
544
10
359
72
502
371
649
132
916
448
116
112
52
697
847
946
518
166
420
833
171
561
336
721
657
600
161
96
768
620
409
566
210
475
598
727
641
389
466
943
960
403
799
11
454
694
137
351
362
613
813
156
376
67
455
506
592
830
732
773
184
430
338
438
695
54
460
340
389
753
810
612
348
892
699
965
816
164
536
806
14
451
370
51
784
659
826
172
567
420
68
901
763
677
364
229
7
305
219
148
47
736
607
483
786
963
59
345
725
22
921
544
307
456
884
81
280
571
433
207
222
434
245
948
149
82
593
750
745
990
229
832
616
99
532
456
738
820
527
374
760
870
313
174
738
130
816
331
197
709
321
198
111
908
53
880
100
192
469
1
981
172
323
492
349
723
736
105
560
964
491
854
406
910
199
168
981
408
43
276
53
768
857
955
382
494
809
693
924
954
869
482
80
497
202
425
219
770
373
876
659
927
850
636
590
939
760
491
314
59
857
752
809
822
356
571
203
553
525
936
408
510
354
466
738
805
841
80
621
840
83
403
24
615
299
142
457
531
469
328
847
526
323
847
557
704
590
647
97
399
947
305
378
597
505
360
459
80
694
359
53
863
163
504
694
541
872
780
508
17
648
332
983
929
888
826
511
501
985
663
743
421
326
538
558
540
503
600
836
550
699
717
762
873
667
855
135
945
182
200
61
739
920
746
389
155
544
513
163
571
924
429
112
420
252
855
819
438
759
265
719
493
313
521
909
248
216
361
59
212
997
142
191
932
546
81
108
411
539
500
352
430
423
161
772
707
292
53
2
593
140
642
574
19
462
248
0
433
214
439
843
682
175
484
126
614
35
994
861
945
93
815
213
572
513
535
391
233
302
955
225
402
414
53
39
872
800
260
164
494
836
270
973
688
42
949
538
741
302
293
919
331
214
467
497
913
716
233
995
298
599
917
873
848
857
863
487
129
153
529
384
930
190
554
175
861
650
496
564
288
737
244
254
605
561
325
360
553
660
882
441
12
735
413
299
951
135
153
626
406
949
811
722
56
84
119
552
40
369
702
540
241
815
55
77
834
818
77
307
163
420
836
320
684
731
554
526
552
253
667
700
874
450
540
26
752
216
639
988
657
752
956
242
54
496
322
675
866
323
533
870
782
305
565
346
66
484
39
148
598
379
662
484
627
633
65
547
265
442
101
491
547
674
613
155
462
215
169
770
875
346
744
892
505
59
544
108
337
164
647
114
289
801
409
757
223
489
799
957
732
165
937
995
870
638
408
976
457
261
615
104
2
818
66
630
468
500
945
553
473
517
424
487
263
576
9
91
793
302
820
292
495
662
793
343
859
647
840
173
865
769
377
905
609
559
45
784
317
426
779
422
806
962
748
347
698
82
378
565
985
271
456
717
100
88
420
898
535
695
246
278
287
100
56
251
476
913
484
539
363
391
489
186
399
169
313
62
810
851
165
965
875
538
149
522
761
885
377
1
752
956
758
990
775
906
910
248
530
96
508
737
318
830
18
52
154
844
378
566
984
195
246
741
661
708
992
574
586
470
441
188
296
809
16
120
902
493
859
440
44
243
368
534
618
720
470
522
107
345
737
295
658
210
976
569
986
388
3
398
643
584
623
236
254
809
722
57
380
457
756
555
37
548
480
654
343
99
85
817
209
396
842
393
818
891
723
576
133
264
366
167
741
220
257
744
522
155
179
191
635
313
546
83
761
571
596
135
929
361
376
560
810
213
308
820
0
748
393
702
149
335
46
109
700
294
895
96
819
55
960
419
352
876
855
159
271
368
224
574
460
909
128
511
91
948
690
678
70
819
639
42
134
390
100
970
499
525
827
241
936
349
810
356
742
327
286
836
576
552
366
931
610
102
121
616
762
891
477
436
100
975
716
236
453
374
366
25
761
793
571
222
312
695
773
190
424
729
9
821
216
158
930
782
37
232
457
471
257
508
416
803
913
573
458
837
174
692
127
718
701
344
455
195
323
909
731
990
226
420
951
745
277
802
347
152
591
383
652
621
41
193
962
358
389
118
572
74
900
700
162
223
171
271
959
448
630
177
347
956
561
172
645
269
640
754
147
365
23
908
263
895
261
389
270
138
81
320
544
882
195
17
855
941
454
408
536
414
54
637
607
423
59
543
340
693
751
801
875
267
295
392
291
135
333
214
444
977
100
647
454
22
622
445
506
170
557
660
469
75
552
735
512
759
976
993
320
10
33
732
524
739
848
67
102
224
182
696
975
125
585
420
563
568
623
780
456
242
61
559
924
651
312
661
63
220
741
959
97
56
921
278
495
410
922
376
501
865
331
409
208
87
63
745
830
924
240
450
480
842
788
32
677
427
954
750
814
501
588
848
408
486
687
153
730
616
381
911
992
971
585
940
758
981
796
312
961
617
715
723
13
893
715
187
988
919
674
818
867
864
801
477
583
677
964
29
647
897
356
583
441
117
987
906
914
175
63
416
827
949
98
861
942
537
400
96
983
752
966
803
588
958
104
377
1
408
563
828
866
222
257
871
2
122
484
431
734
606
821
327
823
900
919
3
947
850
9
293
386
650
664
612
744
685
796
713
442
493
200
506
155
55
384
853
711
88
963
442
21
631
344
384
990
618
82
130
565
301
670
605
561
614
65
680
600
492
964
128
825
147
614
994
444
284
694
935
192
793
267
254
300
499
649
93
318
619
841
239
306
491
719
416
991
790
713
816
47
499
535
449
876
883
48
147
876
63
161
757
454
675
227
510
414
37
434
408
128
109
159
535
928
144
481
73
778
677
333
615
908
289
887
470
636
890
269
319
118
198
830
659
858
938
355
819
554
929
152
779
99
975
15
250
537
209
739
773
354
516
722
155
757
127
302
284
760
511
332
730
525
221
754
803
248
959
367
894
587
462
537
775
25
803
478
545
466
956
593
840
271
772
617
419
72
280
911
624
624
474
126
134
601
754
721
225
470
998
623
768
13
256
579
341
442
905
860
273
392
22
468
563
546
495
260
931
84
454
764
644
226
788
557
89
446
243
806
12
86
480
28
853
65
430
331
919
783
168
839
482
391
359
841
58
897
132
284
804
847
496
806
999
405
645
261
833
664
492
348
156
888
152
487
353
91
857
303
418
115
851
872
322
353
524
985
879
279
896
79
182
375
161
994
486
431
361
350
505
123
133
741
129
940
242
464
790
539
76
631
573
790
984
980
744
821
366
305
996
226
467
271
803
535
570
364
330
102
702
751
377
802
839
698
700
569
303
90
55
483
286
77
480
385
867
182
500
478
884
404
726
375
214
786
871
985
944
584
159
931
194
516
218
458
149
347
374
347
180
259
871
137
455
922
712
754
912
26
93
285
533
818
945
322
199
803
221
194
318
178
63
811
270
723
168
880
395
415
524
687
481
945
82
1
718
540
810
920
143
548
522
336
650
159
862
939
467
747
806
434
220
941
656
607
75
757
47
988
382
631
162
831
448
761
224
86
41
682
189
776
560
585
85
597
387
107
854
430
780
100
917
961
93
692
297
899
827
851
696
612
352
938
178
96
785
84
390
142
997
996
88
450
331
445
916
696
486
934
966
390
543
150
97
130
61
900
954
169
860
253
654
772
397
226
853
78
103
479
415
951
371
744
664
831
706
58
711
145
259
699
399
579
471
971
14
569
832
541
722
211
320
979
640
797
477
361
142
551
826
162
492
981
198
672
314
929
684
703
125
202
587
110
882
498
759
26
537
42
710
481
199
780
141
157
386
277
189
860
78
25
203
629
97
325
584
831
45
646
911
121
67
363
872
538
19
524
206
388
941
177
858
468
75
667
348
337
346
465
961
106
849
451
76
790
123
145
802
290
17
886
203
593
284
600
851
322
685
33
991
168
237
832
811
232
803
275
74
209
535
601
541
920
998
932
896
14
734
33
273
749
870
602
720
584
466
814
362
240
776
998
325
656
38
259
673
853
658
827
141
579
524
851
838
439
509
567
822
226
217
515
594
709
463
328
624
999
116
327
697
59
975
698
133
552
836
219
891
980
369
623
386
228
599
741
7
35
408
525
548
769
251
508
200
391
954
878
189
972
367
510
403
114
675
186
579
818
120
688
398
414
407
45
277
249
271
116
676
446
276
38
610
125
892
436
33
387
694
403
97
479
140
72
843
649
66
226
772
176
129
862
710
428
855
349
242
922
536
619
211
114
862
675
852
181
306
124
302
336
362
613
304
612
690
543
150
383
381
196
54
343
599
667
964
378
651
696
554
480
523
968
173
613
914
570
518
311
146
709
377
64
857
740
499
151
999
246
741
869
867
57
403
715
320
554
282
684
54
880
262
488
853
922
255
548
620
642
683
907
164
657
753
117
19
86
105
561
218
850
572
234
440
439
439
368
454
617
352
3
440
699
349
359
322
325
325
314
190
213
423
271
747
914
769
661
64
279
747
887
898
681
178
57
404
723
935
470
300
753
859
49
922
322
275
479
87
671
81
491
273
445
5
279
337
837
521
673
12
91
191
462
401
420
134
623
29
501
589
918
472
884
322
919
684
320
791
774
159
711
978
305
686
890
938
912
688
353
592
30
764
750
252
397
897
806
283
548
373
520
323
35
895
957
929
762
560
629
852
634
600
252
981
113
900
993
420
603
212
482
198
633
323
182
754
93
355
852
860
299
690
573
191
462
327
391
49
777
660
18
673
936
565
435
947
295
991
348
704
42
157
947
788
459
901
8
244
950
562
463
90
593
841
240
142
413
814
192
762
502
518
788
871
12
455
7
743
412
409
497
910
207
501
633
251
495
965
338
365
199
875
857
954
356
604
144
545
637
785
240
396
852
847
304
640
884
431
417
651
106
308
24
332
292
325
73
413
902
161
656
309
881
697
548
998
286
672
815
388
694
732
149
604
11
332
385
277
44
993
507
79
929
376
716
46
165
710
839
455
247
686
651
935
850
84
231
672
451
295
331
136
699
203
593
626
589
423
388
569
159
88
563
745
219
531
706
722
33
933
691
144
290
458
442
418
467
296
701
300
412
178
466
443
524
209
351
28
852
505
958
576
414
772
901
193
204
390
432
241
81
235
748
868
991
763
802
260
401
728
791
610
223
849
576
871
867
739
298
620
213
74
449
649
710
961
180
486
87
757
425
609
653
731
81
964
395
207
248
217
887
933
875
176
915
302
351
906
687
724
207
3
942
552
814
973
707
901
87
659
382
83
441
412
378
368
942
924
427
247
687
965
833
865
211
817
80
917
910
703
978
590
942
328
794
551
655
478
64
371
197
749
614
912
637
248
231
401
192
304
299
127
390
369
36
604
890
170
819
85
10
220
780
104
54
980
125
752
472
567
832
15
721
877
37
445
181
462
694
712
235
781
510
527
177
663
703
967
817
296
822
626
202
593
944
78
179
752
702
67
516
613
439
531
265
698
28
609
917
498
502
119
821
280
126
523
411
269
620
224
758
35
634
770
588
246
629
151
512
548
399
654
323
315
815
501
864
245
878
683
317
746
673
454
290
364
793
906
87
584
614
383
356
21
391
743
336
188
480
530
600
365
512
3
258
573
920
805
469
957
134
927
37
84
228
447
255
747
52
798
934
497
444
719
716
127
398
650
22
268
487
713
329
840
437
637
983
501
700
885
461
73
481
315
568
822
441
444
969
857
916
903
799
210
205
387
909
199
421
650
366
398
565
446
337
684
822
937
360
851
249
498
849
81
639
171
311
576
51
277
523
728
43
195
310
290
824
556
259
566
64
812
98
588
315
565
55
600
576
552
444
922
624
640
508
249
53
103
506
459
916
716
414
533
358
425
707
976
125
13
78
18
577
7
716
875
946
898
15
205
939
155
935
999
281
661
770
459
321
708
547
940
18
313
572
353
800
260
512
312
544
736
97
924
132
757
766
995
288
195
6
435
708
408
258
918
383
173
670
644
744
822
251
717
459
606
23
85
313
50
895
69
267
96
217
491
746
532
606
324
341
857
276
326
262
644
760
480
790
357
396
526
766
661
634
907
185
888
807
50
22
76
980
33
326
694
37
597
289
173
261
329
251
661
597
309
920
545
646
812
277
658
249
851
483
858
797
836
640
935
963
795
737
973
747
522
236
646
957
60
879
62
712
743
574
362
509
466
242
210
423
192
263
892
532
926
845
392
768
975
432
867
933
372
317
780
849
961
473
470
881
478
784
36
432
705
777
670
212
723
814
77
390
831
281
583
760
901
483
129
996
70
514
777
71
518
529
5
97
90
730
210
713
77
547
560
541
985
105
832
194
735
708
460
272
750
924
6
93
119
399
762
398
285
553
514
157
316
6
895
241
240
1
742
759
744
555
180
764
998
673
530
952
703
727
598
721
923
435
547
300
525
744
31
437
233
421
204
609
90
144
700
833
345
769
814
840
344
375
633
214
640
914
33
752
310
764
794
417
464
89
214
601
737
389
418
560
798
916
591
377
49
356
968
828
186
874
127
715
433
839
564
257
783
94
144
765
980
525
269
676
893
552
375
197
481
524
794
735
329
32
610
991
427
776
668
595
450
948
833
377
851
558
416
511
616
828
193
206
463
846
980
818
503
165
253
336
941
86
88
577
362
184
445
320
723
377
814
749
974
261
484
571
814
924
816
921
486
296
853
591
911
361
60
249
176
438
240
683
93
20
814
331
22
744
130
507
717
581
60
135
658
976
799
942
993
127
775
352
424
297
714
129
592
887
898
301
195
209
10
26
63
895
46
950
305
940
108
767
605
575
302
414
614
747
14
718
821
734
801
433
381
926
408
431
297
963
444
263
761
892
166
817
644
945
340
85
74
597
821
431
416
968
222
443
661
112
141
444
84
717
106
497
157
833
377
294
473
100
958
289
457
544
354
477
272
893
949
496
992
232
529
487
702
9
114
821
414
873
917
628
5
325
713
316
768
275
93
79
727
297
111
784
132
508
557
556
64
533
679
877
650
148
443
14
860
177
155
489
965
346
609
332
760
476
684
804
831
356
487
746
762
930
202
444
78
8
255
210
312
614
815
74
415
740
423
485
466
199
963
199
574
20
956
14
110
35
558
99
711
106
973
126
889
790
754
646
793
600
828
557
667
424
7
123
146
789
267
323
290
359
489
622
861
99
290
200
167
671
306
164
766
166
190
489
432
175
244
266
160
816
980
360
830
236
742
15
484
297
836
860
908
791
639
798
778
129
514
729
40
298
18
394
864
825
844
586
336
319
516
166
344
368
305
661
637
43
536
152
517
711
495
339
594
64
544
235
234
419
581
746
136
360
126
629
918
772
104
80
17
709
298
301
669
121
454
212
872
370
14
597
151
93
395
636
728
236
278
937
284
229
720
514
215
289
547
50
71
961
563
163
141
433
132
447
795
90
158
21
43
258
669
297
808
762
82
36
909
286
793
255
88
261
879
118
805
827
714
159
715
979
584
529
269
340
452
406
350
954
151
377
118
839
713
91
454
878
171
475
854
337
855
884
371
330
158
377
593
59
565
93
732
462
769
536
131
484
699
982
881
445
653
484
1
978
213
845
758
34
954
828
589
681
131
623
422
354
652
29
233
411
270
950
31
441
122
38
158
671
549
27
921
682
495
910
640
729
527
206
596
323
159
537
408
484
273
11
147
904
941
46
521
326
459
36
108
241
22
833
453
858
41
144
85
837
919
200
781
207
999
991
619
131
931
988
752
268
827
950
809
969
535
706
973
986
722
175
7
395
773
362
285
140
207
101
720
497
695
691
856
369
93
47
73
471
32
516
697
532
624
454
450
32
92
534
7
280
783
964
321
654
8
718
789
838
82
703
105
759
358
291
289
540
495
791
759
211
655
914
86
927
389
267
533
874
165
567
551
116
332
723
826
234
322
79
606
671
763
603
513
383
844
430
587
748
42
433
658
385
448
717
304
258
102
256
779
894
785
116
652
195
993
550
877
579
412
667
147
54
880
128
151
278
663
1
429
158
130
324
628
356
159
136
397
85
87
604
343
562
875
872
491
591
445
400
958
512
239
377
900
671
704
201
430
970
10
10
964
952
456
347
79
604
493
791
950
147
960
884
428
412
392
964
23
347
97
844
179
462
142
407
599
983
221
431
188
159
572
30
666
744
942
633
626
587
565
183
838
537
138
933
66
909
177
370
232
944
205
187
50
790
275
746
155
916
825
672
421
875
516
56
621
10
169
435
685
775
188
339
693
602
220
386
593
434
613
663
419
971
773
516
452
277
5
119
212
619
606
497
673
592
498
952
531
858
854
902
650
778
669
708
679
900
903
947
515
53
124
334
574
578
857
575
665
514
143
997
246
135
873
440
64
253
507
684
410
250
744
825
99
262
282
983
204
846
224
486
286
972
629
315
986
897
860
907
115
840
717
661
854
390
90
552
410
867
195
611
643
75
410
736
907
664
982
346
687
489
360
744
138
597
51
773
116
509
173
258
343
606
955
917
434
927
136
428
656
700
107
566
958
309
788
122
499
115
874
838
988
576
669
236
765
426
702
283
292
337
831
301
64
131
710
587
786
587
927
602
680
681
853
86
593
888
849
378
749
13
684
8
311
12
230
134
875
37
157
608
240
354
862
480
784
732
943
882
631
822
401
138
531
12
429
766
50
92
885
383
534
493
181
189
594
722
137
75
589
322
482
741
165
481
565
532
157
823
644
196
969
375
111
932
52
458
530
168
471
233
50
301
232
923
470
645
951
437
73
968
673
28
916
38
497
640
75
430
462
392
510
969
714
328
812
662
320
921
660
579
799
829
948
658
908
400
640
633
283
950
756
779
664
882
541
886
901
167
90
224
773
132
70
521
813
840
595
998
848
872
744
8
975
96
403
277
284
647
944
648
343
689
734
705
191
519
144
435
833
35
454
294
568
763
786
41
911
774
219
642
289
687
30
74
19
146
421
77
40
594
856
586
277
769
446
286
655
13
995
346
109
67
163
562
327
977
510
175
855
776
169
228
577
931
331
188
148
993
112
93
320
655
172
511
384
954
571
173
946
548
226
649
315
869
348
923
840
222
435
157
12
91
741
363
632
459
95
52
484
54
659
299
388
601
358
273
703
840
123
689
678
690
499
115
667
205
70
131
294
772
436
985
998
211
155
621
457
636
798
598
300
620
792
843
17
696
213
321
415
681
273
416
70
963
923
891
680
961
248
796
901
484
78
766
130
53
928
758
373
39
827
634
143
206
182
821
720
971
738
544
178
666
706
554
50
72
62
150
944
142
816
595
825
720
267
425
307
904
397
651
47
547
109
917
268
624
974
573
860
339
166
491
269
44
242
769
31
125
566
161
897
868
484
867
506
952
107
679
430
969
712
877
726
217
771
906
61
493
820
91
59
123
906
375
359
684
607
913
275
675
849
829
343
776
734
442
383
830
209
523
404
758
592
592
34
710
336
686
539
252
7
131
985
105
957
66
699
532
221
82
158
626
120
92
821
487
574
476
149
579
338
228
519
408
370
560
340
31
990
627
109
89
379
162
298
914
153
788
205
422
813
893
674
929
581
638
616
184
873
858
214
248
690
808
487
805
25
860
649
398
423
1
581
612
770
443
124
679
5
265
793
55
701
954
421
80
757
212
806
448
227
265
5
625
843
378
54
209
823
352
460
564
995
567
987
244
398
62
882
696
231
970
4
445
641
868
579
772
465
119
324
380
896
194
582
751
337
578
178
403
746
694
988
385
41
278
728
57
45
466
81
662
685
900
446
395
211
8
368
928
147
240
197
205
748
667
820
527
744
372
386
442
710
435
990
401
782
681
180
473
214
726
249
676
111
91
393
482
371
995
590
719
143
109
599
663
252
492
792
461
910
29
853
296
600
184
598
164
412
968
619
789
35
180
194
22
41
882
666
925
580
666
867
528
180
112
997
344
89
24
463
240
45
80
465
345
596
689
19
302
845
715
290
732
841
576
896
78
996
439
125
280
428
511
400
909
624
70
627
161
393
318
183
373
728
357
511
957
357
316
671
667
104
937
460
642
938
253
606
248
495
927
660
508
140
38
834
314
443
11
113
623
164
249
679
358
990
842
507
748
450
296
421
183
587
727
473
338
82
14
541
504
760
972
227
474
928
404
638
824
733
128
338
261
417
340
256
714
920
575
367
664
829
435
795
386
12
863
932
912
650
465
558
272
264
913
917
530
75
321
162
836
693
185
675
298
964
927
511
581
113
104
451
404
743
901
296
701
175
246
537
770
742
813
192
384
279
282
106
180
100
756
161
447
318
884
326
137
571
847
570
408
23
4
334
268
625
312
335
695
616
556
542
780
646
242
353
866
208
356
781
377
645
574
711
298
123
698
706
203
355
403
791
248
632
450
836
886
307
718
775
268
729
392
114
332
853
221
206
207
927
233
214
829
939
392
159
366
998
998
832
676
172
171
987
636
301
164
728
19
456
372
375
774
402
348
725
406
225
707
189
825
979
378
585
139
841
699
360
120
383
893
377
858
100
442
534
219
229
440
770
52
146
968
838
242
433
355
796
766
72
53
866
374
688
52
558
74
976
122
801
450
786
415
150
997
67
77
255
503
88
887
201
128
411
592
609
658
137
346
503
266
92
241
258
224
216
699
294
374
777
83
87
487
760
104
457
257
683
828
459
644
613
968
876
514
11
991
502
47
246
746
672
406
659
434
563
770
678
228
987
496
489
349
673
370
41
371
808
658
936
619
538
106
587
493
754
884
111
560
912
137
410
745
264
859
586
169
885
505
6
861
462
341
776
776
800
225
15
183
44
358
121
801
715
88
567
925
693
532
844
912
324
678
284
338
545
607
408
627
601
505
342
943
484
265
594
231
742
22
871
675
592
576
414
595
403
803
762
130
588
529
850
101
890
626
650
218
713
278
352
888
879
216
774
784
113
834
773
662
472
311
663
652
519
355
163
376
238
434
798
839
42
408
100
162
602
536
605
75
407
33
527
882
795
969
76
449
994
586
977
954
233
621
998
870
911
324
185
449
825
923
543
642
173
171
656
631
420
349
186
79
826
921
941
894
435
586
422
869
11
126
452
411
887
914
605
14
279
39
822
997
628
409
839
17
986
101
547
595
33
715
649
70
538
277
96
402
920
427
489
551
499
300
71
666
144
731
346
870
435
19
727
782
194
591
211
610
398
245
501
232
680
363
917
813
270
921
823
654
224
259
177
924
210
57
77
84
318
381
105
244
698
120
77
593
476
855
703
123
63
349
164
15
546
385
418
624
60
771
859
33
963
545
323
57
66
761
821
788
40
790
481
114
25
686
967
836
303
672
261
757
490
532
482
32
603
362
282
724
909
795
533
4
880
677
291
304
765
198
243
306
641
251
475
922
139
698
684
353
71
715
195
24
344
972
966
729
520
812
696
463
658
389
826
934
445
179
270
52
399
95
463
863
976
39
330
319
854
688
521
176
440
869
947
4
360
669
627
606
935
625
20
513
926
606
995
876
282
180
592
187
784
383
49
476
151
722
807
987
299
237
246
937
912
413
716
232
291
577
100
327
790
53
848
529
87
507
78
617
204
596
458
510
752
519
139
456
314
962
466
812
80
356
692
533
155
838
868
363
7
786
185
797
324
291
494
978
538
259
804
234
371
485
540
366
89
690
91
983
759
729
373
496
606
952
208
439
849
408
22
245
805
460
292
232
300
594
990
175
214
373
517
435
555
55
92
760
78
60
771
460
250
77
385
629
292
902
36
741
39
952
285
842
471
139
902
430
798
933
140
359
794
15
955
130
261
408
181
157
696
786
614
829
781
469
524
92
1
878
166
934
899
944
59
328
601
323
676
879
192
743
881
9
377
734
680
112
698
671
989
562
545
46
116
717
916
67
589
749
81
209
674
949
594
729
966
596
231
855
925
462
980
638
913
87
618
341
316
860
54
122
44
143
847
9
241
521
982
445
800
444
64
147
788
386
397
744
805
8
262
694
956
858
352
346
467
952
906
461
518
640
525
930
97
495
592
844
192
623
642
194
451
66
503
744
358
262
383
883
635
244
125
482
384
584
105
952
503
297
901
20
338
983
558
719
197
210
885
326
753
501
598
114
320
924
382
658
260
713
258
135
348
685
219
80
566
345
190
251
567
640
632
774
818
214
984
7
6
164
466
826
678
819
427
250
560
791
215
699
211
22
435
885
250
647
428
268
218
567
983
243
291
976
789
517
779
466
830
725
322
1
576
637
496
813
476
179
43
642
515
565
898
82
554
739
560
643
690
134
300
12
998
81
623
75
730
533
112
872
493
465
843
618
880
36
812
916
912
694
696
578
725
328
22
258
871
440
951
224
151
363
193
645
483
572
477
861
470
43
266
708
978
543
175
20
281
593
207
385
306
752
457
870
411
78
140
303
88
118
410
186
333
694
803
302
184
729
73
506
144
163
736
28
245
668
296
372
440
247
219
117
469
836
117
631
641
637
628
919
758
145
231
110
382
919
134
107
532
819
845
928
70
875
747
34
769
145
606
773
990
985
912
125
841
306
509
415
736
790
800
567
567
524
89
929
561
532
103
856
712
24
222
201
976
279
201
742
852
968
281
718
319
370
609
963
201
581
159
431
714
634
816
189
969
962
997
863
778
826
555
748
12
886
555
82
513
225
557
823
342
374
368
573
245
873
525
938
101
324
901
958
46
581
339
845
366
972
452
542
350
115
373
281
990
8
369
772
404
207
209
942
324
592
184
882
833
173
93
950
312
352
669
11
530
172
363
489
663
953
770
882
331
31
541
331
185
895
179
485
380
629
527
510
947
451
372
268
951
160
308
681
987
961
292
776
642
682
273
885
668
782
503
647
150
671
596
132
313
274
659
603
797
815
115
742
747
496
414
209
633
12
861
88
108
707
540
693
403
10
965
759
679
56
488
250
688
120
578
406
558
319
665
83
241
39
314
836
940
633
429
54
138
512
924
165
228
857
19
102
466
143
193
904
641
563
507
944
837
331
131
944
862
132
353
162
955
390
926
893
529
694
674
94
94
408
471
261
958
531
187
936
431
565
755
456
234
758
292
502
869
71
529
558
809
178
778
172
364
238
965
629
726
545
931
973
265
721
655
438
233
882
356
186
612
521
771
450
258
454
666
134
357
948
366
231
323
947
245
462
40
123
48
586
217
714
988
472
276
731
474
730
582
222
647
505
274
673
893
163
723
916
520
183
770
957
970
783
18
666
818
970
598
235
632
90
908
790
534
553
659
233
140
712
606
12
950
439
860
339
434
774
922
213
894
756
313
732
463
292
458
832
519
711
594
962
796
944
288
192
725
427
227
967
308
111
875
854
922
871
547
126
196
66
822
872
756
467
373
464
711
96
231
277
185
826
835
772
52
122
430
838
828
936
701
243
847
821
886
681
734
500
666
391
182
264
499
867
121
337
628
762
483
467
907
419
402
316
716
505
628
986
544
321
304
379
429
983
545
715
752
341
586
500
687
206
28
186
187
958
919
205
887
12
197
190
3
105
330
895
21
389
242
179
963
657
117
713
639
481
927
237
541
622
922
684
340
855
856
230
264
565
501
309
865
525
529
78
838
739
192
501
718
996
81
860
371
732
487
915
255
466
656
666
710
464
647
420
314
676
613
7
11
884
273
99
262
305
63
54
250
316
673
516
33
410
332
720
9
352
572
493
487
906
727
995
816
174
206
689
977
951
687
169
573
391
672
33
168
184
228
590
37
252
172
363
357
925
828
523
6
40
871
702
860
922
967
726
403
762
471
45
357
72
226
731
944
547
736
72
248
325
972
203
315
822
441
48
68
322
347
23
474
450
940
597
970
905
38
807
809
580
287
943
214
452
604
964
270
24
213
593
597
425
634
324
926
171
673
228
519
275
11
85
3
563
557
263
642
599
589
426
0
817
598
290
299
900
378
790
72
733
755
488
422
125
390
239
515
592
620
999
851
3
329
312
734
974
391
12
571
192
276
157
148
55
314
65
54
8
381
601
651
519
742
515
964
486
612
644
903
604
168
987
946
26
789
629
739
524
124
572
172
211
315
530
522
525
725
256
48
711
124
169
772
10
634
56
504
365
509
490
591
190
915
363
371
874
460
212
605
10
843
797
879
638
628
883
801
674
553
913
11
324
710
906
458
332
127
80
197
236
20
31
221
753
719
86
751
897
449
564
675
768
51
421
277
179
203
608
357
743
986
782
791
984
644
167
70
320
610
132
164
936
338
900
144
383
128
316
430
43
891
112
262
482
920
695
224
542
116
44
155
765
968
132
379
817
988
258
183
962
706
526
544
315
400
458
257
14
724
194
720
952
989
158
433
817
976
326
696
818
455
923
574
247
671
41
924
584
255
540
4
9
555
667
833
864
639
266
910
459
116
627
232
855
48
977
432
464
141
808
708
399
962
162
420
582
35
949
258
77
404
280
507
710
153
346
969
710
519
909
908
784
898
896
479
780
284
791
537
536
358
447
48
826
305
161
56
865
247
390
742
895
311
268
551
475
170
598
116
578
206
379
354
129
702
267
181
623
851
146
32
414
267
93
810
762
659
567
770
644
599
209
18
730
486
839
27
687
301
486
968
373
690
244
36
994
137
156
811
421
482
50
743
926
496
644
3
777
908
851
437
487
985
95
590
604
541
367
984
536
271
867
437
187
54
521
562
750
165
243
39
9
620
482
555
721
629
357
804
545
896
391
930
175
191
945
460
457
326
311
325
518
922
601
206
95
98
237
205
750
943
46
913
304
940
147
213
786
830
614
571
204
790
429
374
375
21
645
345
234
463
803
214
819
804
335
66
656
910
807
750
56
340
303
660
22
187
347
659
158
463
97
987
735
602
49
707
740
894
651
815
161
116
640
737
636
572
74
983
647
632
573
793
732
177
854
590
882
305
865
758
658
698
571
997
13
885
345
125
806
148
691
763
302
361
203
488
69
576
778
722
659
326
565
902
603
233
238
671
992
881
969
942
982
976
137
984
429
980
489
18
121
536
122
742
954
271
553
656
472
325
429
40
406
738
323
955
785
381
343
904
708
695
592
518
963
40
10
588
122
753
912
11
158
773
272
698
345
568
648
334
966
459
4
1
33
765
622
61
69
202
564
763
446
832
934
28
806
825
848
949
969
803
604
631
329
363
374
728
399
413
538
373
636
145
41
485
17
832
634
439
165
698
337
196
959
812
427
495
454
4
38
749
172
315
110
592
604
345
761
115
896
293
338
621
183
680
209
279
904
538
64
529
396
131
508
332
550
667
341
445
875
526
485
88
199
125
263
978
928
524
217
52
722
594
116
884
104
573
369
579
839
408
351
339
30
615
120
375
740
464
674
977
545
707
496
339
859
522
143
992
207
373
534
553
415
61
586
961
684
516
536
283
668
96
311
805
126
564
138
90
556
103
276
390
868
180
4
904
41
205
793
838
443
713
339
488
701
517
741
991
789
125
805
624
775
249
235
478
918
170
347
122
262
548
646
928
128
686
63
814
880
687
692
634
525
661
579
815
843
269
144
516
69
314
125
858
620
113
414
329
608
633
297
428
836
271
883
908
514
266
252
265
189
851
708
317
670
807
158
758
786
220
852
283
167
175
237
950
525
195
838
903
415
976
184
963
560
785
924
188
162
841
71
392
76
552
589
13
859
848
537
804
884
315
68
992
568
151
996
442
196
575
35
40
21
344
358
768
720
823
877
399
373
997
535
821
494
987
933
674
974
475
993
756
271
587
96
688
860
998
350
655
49
494
22
603
684
445
995
100
535
990
858
897
835
158
889
71
662
163
547
786
933
534
368
92
536
672
942
303
264
79
86
823
297
40
328
69
677
460
709
211
27
139
980
681
730
95
601
453
550
655
104
909
202
855
245
160
328
524
338
682
483
436
508
484
989
283
621
105
911
774
881
320
66
31
328
419
597
256
767
862
55
503
89
387
678
340
727
259
868
734
261
680
991
221
291
414
94
661
427
781
683
152
765
878
738
159
642
127
27
518
39
978
693
431
990
870
594
565
861
775
67
79
843
987
977
366
287
419
667
25
557
241
939
256
189
820
891
886
705
597
50
811
905
289
686
372
624
761
293
889
884
640
576
723
426
801
281
307
530
396
777
388
817
35
863
597
796
771
431
655
204
769
657
749
362
982
366
894
137
31
675
97
942
98
760
385
676
745
359
933
746
555
991
253
256
78
659
441
504
606
565
312
829
686
596
59
225
672
315
63
460
241
546
342
157
613
460
965
711
38
670
731
620
5
530
597
927
885
373
84
385
283
990
399
315
70
727
610
2
532
716
462
395
759
225
53
990
517
242
951
955
813
880
730
914
717
127
681
250
718
803
822
857
938
68
676
560
564
775
639
788
910
900
979
624
599
254
106
443
79
806
470
47
490
520
395
54
203
51
105
459
492
763
976
591
38
460
95
37
847
942
403
177
671
404
79
432
621
101
837
167
448
524
595
607
691
284
106
180
0
521
959
834
458
500
758
818
63
496
518
688
176
83
446
994
678
339
856
553
593
198
412
996
908
213
377
665
241
261
177
129
291
21
570
830
491
217
170
178
639
282
667
214
48
717
37
192
627
547
586
707
273
276
54
466
72
423
425
414
760
864
884
605
475
252
964
635
95
28
701
16
800
596
804
82
235
885
498
765
757
536
201
419
442
731
92
717
521
973
538
675
45
668
951
66
137
508
966
806
199
376
891
795
573
926
248
541
352
419
356
569
418
271
243
242
718
778
308
460
134
153
548
599
418
962
646
594
367
323
674
264
683
318
73
635
194
921
80
724
957
598
109
952
285
372
525
608
742
148
367
395
654
335
193
101
376
608
611
618
201
536
519
150
896
519
831
718
836
155
498
839
130
777
85
539
419
925
300
715
423
228
26
718
822
465
803
407
971
457
167
46
421
600
760
659
276
559
803
697
948
153
502
681
785
165
41
766
680
137
516
568
88
648
876
540
261
798
510
470
478
167
31
874
533
58
882
579
393
166
444
569
858
664
738
498
219
198
920
498
51
465
714
727
494
162
530
469
541
918
69
142
325
395
306
954
545
554
794
386
441
892
705
627
44
201
633
702
305
182
949
226
495
647
373
387
629
105
816
729
933
488
205
413
933
86
290
21
106
41
957
974
383
977
870
523
141
373
683
633
919
198
930
491
839
590
485
315
216
131
352
842
115
787
820
508
381
976
761
343
750
67
2
622
959
655
98
423
44
984
962
816
74
383
404
692
582
285
101
401
667
485
558
272
540
820
722
33
528
956
951
3
356
915
317
384
299
562
823
385
253
610
887
751
664
269
883
947
558
754
502
998
33
750
463
857
2
525
995
866
861
457
865
806
517
813
293
654
9
599
750
795
49
228
530
522
654
603
748
630
671
171
176
320
311
210
678
566
446
370
547
765
799
589
533
77
911
451
797
947
473
257
692
784
513
959
398
500
603
916
675
644
503
145
96
583
973
988
169
284
346
209
916
240
576
57
136
930
2
34
462
477
343
539
146
807
494
862
704
689
761
33
824
924
262
36
692
291
922
74
988
753
855
336
980
491
999
977
125
478
227
4
820
315
57
40
303
534
920
660
907
502
583
515
846
366
66
70
13
841
891
669
934
891
434
794
980
722
3
633
617
937
806
438
991
128
492
590
337
709
921
501
122
575
315
547
506
89
475
356
49
465
502
590
713
884
166
126
787
326
688
147
873
333
742
414
232
282
500
463
39
250
211
542
703
706
171
151
629
345
664
253
985
547
259
390
9
471
816
419
431
627
235
690
8
853
712
887
608
966
116
876
67
450
106
678
671
174
502
100
580
824
238
7
411
403
491
350
229
638
860
10
327
248
217
508
585
287
964
491
396
272
619
147
920
310
474
698
302
637
915
759
614
393
804
52
491
928
489
344
316
248
168
580
995
954
194
691
180
441
896
223
102
565
465
39
497
218
157
872
664
50
81
398
81
11
372
538
616
933
783
871
268
634
457
994
359
242
197
191
357
15
726
696
826
331
629
829
494
751
986
307
27
111
768
139
319
175
870
560
662
271
317
48
59
587
981
377
451
84
478
544
144
427
853
481
344
629
519
556
538
1
173
508
228
395
823
832
181
848
245
705
771
228
45
873
56
360
809
780
725
577
42
777
20
930
788
335
289
668
249
850
142
877
753
307
677
769
42
684
950
212
292
941
561
744
933
776
332
47
110
523
714
523
574
411
457
217
696
753
761
403
808
327
427
140
665
677
528
129
700
136
451
115
454
736
491
190
631
671
906
690
393
273
425
705
944
24
224
984
636
220
621
449
816
703
464
283
915
451
168
778
593
962
570
95
474
45
161
676
543
455
759
103
900
448
371
279
500
760
741
531
126
741
509
682
985
702
106
441
881
347
546
531
793
994
661
368
739
536
323
242
323
982
700
436
824
109
28
601
124
870
560
387
884
667
174
777
886
143
748
360
546
299
624
854
335
829
995
778
268
681
723
34
831
133
434
194
386
310
728
144
921
273
858
958
578
531
555
109
779
788
321
966
243
790
598
433
104
973
373
770
919
879
213
157
495
306
927
96
878
495
739
564
764
788
390
754
71
404
105
345
4
280
675
62
355
120
221
495
640
996
876
628
253
11
544
952
248
771
397
502
210
642
636
542
784
936
824
225
554
519
260
259
229
582
671
945
928
431
197
400
259
534
661
774
292
491
655
285
287
164
283
527
976
969
103
985
632
694
330
125
501
888
570
917
840
749
994
159
983
54
30
840
75
685
545
391
126
223
604
79
622
442
286
436
818
265
662
869
519
668
389
777
884
695
454
114
222
764
784
835
352
460
208
367
277
837
518
793
442
317
295
747
448
746
588
611
3
250
859
177
366
675
659
688
571
403
301
535
691
202
56
819
819
167
789
483
739
916
582
41
632
161
736
637
4
795
963
304
454
833
781
549
324
53
490
755
602
426
467
506
994
860
410
147
82
960
85
294
538
927
465
480
992
465
734
718
290
653
216
188
27
208
60
913
451
80
399
316
770
220
710
424
493
382
250
638
790
625
395
613
129
322
287
834
633
230
125
864
369
865
296
643
859
951
327
686
16
970
65
28
429
869
134
981
606
131
441
299
442
566
525
377
41
338
615
619
180
71
802
400
915
489
25
776
111
912
865
334
77
484
525
343
852
138
316
624
310
298
131
858
643
659
685
899
226
613
156
825
298
416
684
878
223
41
9
92
79
959
469
818
873
830
350
992
600
845
562
954
394
197
387
468
442
299
253
389
243
437
907
367
648
639
172
870
751
632
109
395
956
64
286
10
46
44
931
67
873
421
689
963
656
187
631
184
973
993
750
110
922
936
324
111
559
483
399
302
213
453
201
15
6
685
13
880
713
140
556
175
40
767
986
503
301
752
379
752
247
310
984
105
545
289
785
750
339
848
683
298
138
385
605
116
852
42
715
46
334
114
996
554
72
138
225
805
846
51
630
622
644
836
77
951
821
175
894
984
454
387
38
248
282
171
275
260
740
922
924
212
552
979
103
707
462
911
639
466
161
345
299
2
275
173
535
160
277
227
115
562
581
718
568
271
279
574
919
632
649
629
957
115
730
231
382
234
627
215
959
48
481
517
598
409
281
545
313
192
536
758
842
681
390
671
279
998
559
93
598
702
168
670
779
889
993
987
775
894
58
972
692
672
929
801
836
408
498
141
781
102
951
865
113
434
89
64
108
266
590
512
568
371
680
472
251
813
816
310
903
137
270
233
206
956
467
160
157
767
970
211
119
19
867
822
569
239
353
948
432
837
697
928
688
707
83
150
826
422
665
667
437
103
297
577
221
12
731
655
955
364
848
308
29
291
483
138
211
172
36
911
444
637
643
235
814
342
207
47
946
955
678
340
906
685
197
621
585
89
297
279
672
565
873
609
892
329
823
71
812
184
129
266
553
611
505
451
312
377
84
692
253
442
532
72
704
543
24
183
67
335
684
385
490
334
790
791
436
51
453
169
40
621
858
589
873
254
117
14
886
763
820
519
45
765
305
863
976
235
306
29
919
898
535
222
565
495
365
566
874
175
603
669
926
952
565
69
487
572
765
845
393
262
859
706
792
337
962
355
46
574
552
375
46
895
461
148
743
690
437
568
136
462
321
83
828
686
874
405
232
122
988
647
982
408
674
69
336
792
897
31
104
928
451
705
17
442
201
712
910
419
889
181
637
650
271
246
4
487
300
899
396
406
821
4
966
999
761
23
316
640
346
231
274
264
169
151
682
819
740
500
662
255
130
607
625
897
324
234
774
653
397
723
188
221
377
345
869
673
868
946
942
173
71
328
981
914
280
763
263
633
9
586
890
76
259
272
971
308
540
604
881
175
840
686
217
867
464
435
691
459
916
532
611
691
835
103
973
884
945
511
327
723
213
600
90
395
95
959
731
849
24
879
235
620
75
142
929
465
750
754
658
61
829
902
381
127
226
129
259
961
356
201
0
315
960
340
236
732
325
683
494
746
667
518
814
20
747
781
964
450
745
98
635
505
222
190
754
561
231
170
731
446
271
969
445
631
69
733
965
746
197
413
240
282
424
770
269
512
273
66
139
868
687
312
949
970
50
516
84
707
286
537
901
128
529
97
515
878
63
440
594
844
546
536
841
806
535
515
757
753
271
323
700
525
272
780
728
589
731
558
209
287
877
756
767
660
479
551
275
369
748
412
937
882
765
554
865
182
335
87
945
118
669
736
708
927
375
979
382
100
264
12
582
578
188
627
219
430
329
596
90
415
525
247
177
934
969
746
447
101
558
203
436
144
765
570
894
114
80
401
923
644
314
434
56
233
475
564
778
438
525
253
691
480
705
105
677
945
132
505
723
801
40
715
268
897
433
138
759
592
626
298
583
262
801
816
798
101
348
984
333
449
514
803
818
511
772
983
429
511
326
578
14
785
787
247
244
556
360
54
181
872
445
516
162
683
195
552
762
1
482
589
33
432
623
186
313
588
213
384
706
158
582
716
23
166
682
396
762
88
436
537
484
234
676
346
293
937
176
530
129
695
580
887
125
286
473
926
943
851
656
68
532
626
921
700
139
638
353
267
261
846
812
880
131
881
317
196
395
267
404
608
26
773
915
116
351
982
849
908
424
128
633
79
850
752
623
170
957
772
965
101
452
193
438
466
303
949
273
755
244
109
13
289
677
605
208
369
912
88
146
502
285
603
170
769
978
46
210
942
617
321
419
242
638
885
675
549
199
443
336
50
519
997
200
540
366
471
847
72
524
135
27
664
371
582
979
366
805
410
644
481
411
821
171
654
703
393
335
153
781
724
570
256
333
890
190
293
267
299
33
78
435
245
563
982
87
291
11
192
661
999
995
886
298
879
646
513
863
451
301
906
657
829
136
929
590
58
360
234
192
362
666
151
71
891
340
22
12
981
61
965
63
503
786
635
808
444
526
511
718
280
453
897
547
841
447
11
293
553
319
830
240
283
509
283
897
337
579
846
194
835
65
806
686
3
393
670
347
605
45
454
203
819
246
182
254
630
181
205
341
335
326
293
233
94
728
522
757
784
221
520
897
271
280
914
517
329
746
838
836
334
827
5
798
374
739
852
828
727
554
607
57
777
42
720
363
686
135
611
511
537
833
599
324
152
504
44
11
853
166
85
190
856
225
226
300
619
139
761
3
969
695
862
215
829
420
102
660
599
254
565
319
322
0
83
559
373
368
851
57
226
502
3
171
433
506
187
574
353
256
448
793
818
364
733
688
298
147
62
458
562
14
870
864
212
340
785
706
292
24
573
328
414
192
294
875
820
803
932
922
533
989
522
102
582
953
169
915
647
553
708
970
383
600
53
269
168
56
745
766
457
332
433
294
934
718
557
869
785
294
441
912
300
27
356
514
582
274
820
459
502
871
324
305
197
34
791
186
229
979
253
366
105
706
236
851
76
98
372
522
441
400
908
589
222
591
450
383
294
764
315
121
684
544
374
579
529
372
491
17
287
68
558
450
205
762
37
338
84
15
971
598
588
45
181
521
182
344
490
604
794
493
175
28
173
260
503
709
314
981
928
265
345
574
445
1
762
25
201
163
329
190
849
469
623
338
522
485
410
593
913
114
311
829
936
