903
513
427
368
80
273
755
145
400
294
757
121
462
47
472
830
870
909
385
823
986
57
61
489
973
490
4
417
817
120
467
431
801
617
125
24
847
763
924
635
407
152
803
577
142
681
301
207
34
173
978
859
949
445
154
362
147
879
712
583
261
419
397
799
850
679
435
466
92
702
869
624
127
401
277
274
433
528
176
214
753
45
180
45
865
189
949
82
977
474
539
600
125
982
303
204
951
716
785
591
261
441
179
322
631
499
271
13
883
673
651
18
898
659
210
632
717
73
23
923
479
391
162
157
452
664
480
616
453
326
196
638
666
321
513
359
471
639
542
472
860
261
934
782
175
660
629
534
147
185
125
479
485
714
675
887
333
374
456
484
750
62
441
584
981
822
689
971
671
611
373
354
330
179
47
920
532
930
684
361
396
299
688
192
656
423
650
921
234
415
866
838
394
103
859
303
654
238
810
248
588
963
307
9
398
716
565
399
131
353
225
120
217
159
3
293
795
191
919
100
654
28
339
321
951
327
376
114
372
271
236
48
605
760
942
871
192
307
823
524
996
743
952
537
266
468
13
76
206
340
258
450
598
592
312
955
158
225
672
514
764
596
164
108
426
732
303
757
406
378
873
929
202
341
905
677
57
459
369
111
377
526
424
647
17
779
478
382
253
135
277
99
561
628
187
968
321
408
908
437
655
885
724
94
302
204
234
124
899
31
581
195
185
71
454
939
592
437
98
603
657
598
856
692
50
55
640
480
827
975
705
397
341
630
292
258
349
510
576
265
288
117
334
354
473
49
960
780
901
959
856
552
100
34
566
157
380
917
757
164
693
972
568
852
52
77
788
277
861
360
375
535
754
252
916
453
827
530
465
883
842
844
386
207
765
835
485
90
798
142
420
554
966
587
187
577
868
988
561
381
896
286
722
461
516
674
529
586
619
848
76
562
564
595
232
283
831
437
596
962
840
990
305
391
338
349
90
66
180
170
913
643
703
286
787
821
582
448
289
642
842
985
152
99
803
296
736
29
284
350
480
830
662
805
480
52
464
999
201
224
21
545
820
181
895
938
120
734
621
167
963
536
170
936
185
993
994
699
329
130
807
460
141
946
185
575
546
500
296
559
544
799
671
137
279
420
199
294
281
116
39
361
989
207
128
423
696
731
229
349
729
760
131
506
519
882
985
356
739
132
247
110
888
917
538
9
180
870
527
449
14
0
413
604
813
560
410
603
322
547
786
571
703
103
44
177
655
587
533
772
807
76
205
531
627
330
478
127
990
878
852
45
991
917
104
956
148
281
781
500
473
14
867
491
91
90
678
410
63
120
187
244
352
694
590
331
317
600
96
902
932
427
783
671
826
470
874
239
59
688
487
65
137
383
547
323
291
158
447
741
495
745
361
390
877
597
35
665
824
191
171
723
602
921
826
869
851
14
835
348
619
409
1
972
559
524
142
663
12
717
232
919
674
557
46
500
116
55
439
149
795
774
584
595
747
417
125
174
164
638
175
756
868
693
254
797
505
106
37
423
711
5
710
826
336
542
295
152
729
649
467
729
552
843
749
958
962
776
760
154
851
416
974
272
772
832
818
955
542
304
254
348
348
912
174
932
569
607
987
109
686
792
532
174
511
126
934
796
826
20
808
592
192
136
505
314
664
877
823
318
588
410
849
628
421
363
513
76
664
777
115
671
81
158
930
625
73
931
864
226
818
326
688
51
199
687
649
820
720
45
662
428
925
39
280
716
23
830
203
821
738
762
322
862
482
232
906
729
932
277
431
388
437
438
381
569
253
373
20
900
99
697
206
406
322
426
441
378
330
131
722
835
388
535
845
821
17
560
202
699
985
764
390
38
372
295
22
421
901
864
298
180
482
119
681
660
250
785
890
429
696
695
895
894
508
710
801
69
852
111
924
600
129
637
930
186
296
480
164
218
134
851
243
104
577
620
901
47
172
239
943
371
16
77
274
988
119
596
913
367
957
536
982
811
199
379
904
317
134
568
910
655
347
554
977
208
280
41
737
779
336
949
559
400
886
376
956
923
701
112
510
914
559
393
761
600
308
447
883
830
773
519
942
583
834
533
767
170
75
672
454
720
797
669
916
572
87
818
434
340
842
27
903
193
612
515
338
350
540
602
933
465
648
216
700
324
241
895
957
284
676
407
155
539
407
203
51
484
112
991
878
167
501
433
707
632
129
248
847
461
192
514
487
196
910
975
808
942
451
960
891
544
115
593
426
576
836
785
693
455
318
417
127
406
298
976
456
678
385
34
