43
4
26
78
86
57
96
15
57
25
38
36
75
2
8
13
5
45
94
83
36
84
69
86
88
93
46
49
70
47
88
67
16
5
28
79
21
82
78
51
29
91
0
68
71
44
4
61
96
10
47
17
44
2
94
68
82
68
34
81
58
57
22
11
21
67
30
54
42
36
96
68
97
0
79
94
96
49
6
58
13
37
10
99
17
25
9
85
29
5
96
47
42
86
94
33
70
11
39
41
13
66
44
54
1
22
20
23
58
85
22
31
99
74
14
67
50
24
53
76
87
55
50
57
80
22
78
32
56
87
11
91
31
31
20
89
58
36
48
44
9
46
49
21
79
84
10
24
2
69
0
9
42
36
22
32
53
84
79
61
13
16
71
60
44
79
41
21
52
27
96
25
0
88
79
0
5
46
5
39
8
17
83
48
33
18
88
27
19
50
0
17
90
88
51
14
67
61
93
17
58
46
82
59
38
83
41
28
47
24
49
32
87
94
12
79
13
93
0
7
10
38
33
58
44
19
71
29
86
68
15
78
15
17
69
53
63
59
50
66
35
14
49
87
66
28
18
48
52
17
70
62
83
44
72
30
59
29
28
18
72
86
16
63
45
15
47
57
55
3
80
57
50
98
91
78
85
15
1
68
6
43
36
4
57
57
68
41
0
79
95
68
28
38
92
23
97
11
95
74
95
79
67
62
63
54
74
34
80
66
77
58
45
43
97
20
55
23
79
85
4
51
73
23
6
38
90
93
30
16
14
7
82
21
71
64
92
1
89
28
96
71
3
34
69
62
17
14
11
15
67
30
14
25
32
20
86
24
43
33
73
34
83
77
67
78
95
0
13
62
55
3
14
58
31
22
31
50
52
1
62
0
30
56
37
32
75
8
26
11
3
63
44
3
69
20
0
45
94
93
28
76
8
55
97
30
5
39
95
37
74
9
23
90
40
64
78
76
68
14
37
59
24
0
64
95
75
82
88
50
70
38
38
49
58
96
66
28
20
77
29
20
19
61
80
28
34
54
65
40
33
92
53
53
10
27
93
82
9
63
50
67
36
12
81
62
76
56
74
57
80
94
68
47
94
42
12
79
57
1
66
68
70
26
7
61
32
31
30
7
90
37
49
65
17
4
55
2
69
3
18
70
41
53
9
80
2
26
44
66
18
78
6
18
40
64
6
17
33
35
96
0
1
94
37
8
53
96
99
13
47
82
9
98
83
46
97
94
91
0
80
23
43
26
54
79
45
18
81
94
88
13
21
63
60
1
56
53
95
99
80
66
82
47
43
35
19
41
54
60
60
26
65
71
10
97
89
83
31
93
49
69
19
2
17
86
56
61
19
21
18
98
22
47
72
29
6
62
12
36
97
33
35
87
58
49
98
17
54
90
85
4
33
9
58
49
16
59
68
93
77
39
16
16
60
70
17
10
4
55
62
82
58
17
77
18
36
73
41
18
66
15
36
8
65
39
36
84
73
98
35
1
19
29
11
77
79
20
16
82
38
20
66
70
13
90
29
29
99
41
80
82
54
49
85
25
63
44
72
66
78
20
98
54
69
91
2
70
76
26
55
27
14
75
58
63
89
34
64
76
25
53
39
95
18
46
55
9
97
10
12
3
10
63
69
11
12
23
65
71
1
92
9
6
27
37
90
92
35
15
62
67
78
55
88
76
41
7
45
52
96
92
48
35
3
47
72
97
59
79
22
60
68
6
74
8
1
37
42
78
83
18
79
22
17
58
65
84
93
30
64
60
52
2
54
26
72
98
94
5
59
63
22
48
21
33
13
58
14
76
93
44
37
76
83
7
4
47
76
61
19
4
19
2
31
51
52
86
21
23
43
40
96
56
69
37
72
74
18
60
24
30
33
61
91
78
36
55
25
22
8
41
7
23
47
84
69
14
28
98
98
33
60
42
11
55
85
67
78
14
23
76
88
86
37
63
55
66
4
16
91
60
24
61
5
75
75
21
93
86
54
98
50
1
12
60
88
85
30
90
33
17
32
72
68
84
60
72
82
52
65
78
1
96
76
78
14
3
90
75
93
29
51
89
29
71
2
88
2
72
24
41
24
34
18
11
6
10
87
95
16
29
15
20
40
53
68
85
83
2
65
69
94
25
89
84
37
29
89
24
6
43
38
34
12
54
30
43
76
95
53
30
34
3
83
86
59
92
38
14
92
65
72
46
77
66
14
34
24
5
49
94
48
43
23
36
31
27
95
19
65
63
41
69
64
61
61
26
60
45
26
70
36
48
35
47
98
83
10
25
