6499
8421
4383
5332
5333
3194
9490
8050
9407
3566
4205
9026
8341
8608
9802
6128
1469
5879
8743
7833
8312
1528
2570
2760
4569
7629
7499
4575
1855
717
7586
3197
8
9275
900
6215
4602
667
8752
9327
357
67
8737
535
1467
5066
8609
4976
6874
702
3970
1979
1639
9769
8603
5063
7509
9943
9726
3863
9159
5347
1381
5602
9863
1799
4888
246
3257
8107
6396
3437
6908
6673
6310
2196
1167
6189
5796
1725
4397
2542
2720
7007
1286
8075
9106
9636
5645
6861
9135
5751
1234
576
9775
4342
7414
8603
8477
301
8075
6426
125
712
7823
2563
5322
5076
811
722
1825
7053
5207
7242
2483
8439
8860
4933
7212
2980
9681
6191
2218
6114
9845
8836
3477
6934
5085
4811
9202
9056
6045
4398
9321
6641
126
7279
8016
9341
4819
3329
6815
1425
983
6987
8470
5154
434
4410
5906
7354
8053
7034
5833
204
164
1685
9854
452
2023
4677
8547
1038
4842
5705
1390
9353
6511
8605
7683
3752
8113
9473
2273
8052
4963
842
1408
88
2187
7340
6334
181
4902
8673
3127
355
1438
9377
7372
5895
8205
4179
9554
9432
1597
728
7088
7096
4753
8550
2910
8406
9352
2325
3185
1776
3922
2555
6033
5948
3971
2651
6150
9015
59
5246
6706
2864
9429
6278
1808
4564
8243
1774
9626
4167
960
3859
9408
455
3786
6205
512
901
1025
6733
9211
3190
9655
4476
3995
5294
978
5219
1019
1414
8238
1063
878
4977
1984
7529
3258
3199
3875
135
1844
9940
4253
8229
3526
948
5188
5656
1893
6971
8623
5562
122
7185
4736
5232
5511
153
4698
6891
6309
3882
4393
8003
8514
5564
897
9376
5721
9981
4781
5476
1599
841
8907
572
4606
8305
8680
1898
9242
8437
1927
7048
9843
5164
7423
945
1165
2436
8630
9326
2777
3822
2525
1100
6467
1286
7054
8962
9127
1762
3372
5776
7397
5017
8246
9869
4474
8455
9891
7496
8405
1251
8709
7510
9829
2461
1485
5720
7469
7020
838
2802
8217
1573
7211
7589
3376
917
7669
4838
5209
1098
4985
8657
7839
7104
416
5998
4661
1616
6644
2636
9094
8828
8814
2153
6716
7286
5537
3138
2033
7992
1383
4556
4160
8983
7105
1342
3356
1809
6339
171
7247
9971
3292
9940
4897
7208
2346
6964
1260
1296
7290
696
8246
7092
489
6576
5460
9682
8921
307
3983
9365
9818
3252
8205
4111
1579
4097
7463
6526
8898
7570
6627
2794
5016
9291
4752
1856
1278
3048
374
3977
579
3646
3814
5962
6603
8243
1288
9605
796
4951
8087
360
3652
4053
8124
5736
8232
797
7734
2922
4176
3873
9397
1212
9323
1665
9160
8035
2191
6190
8581
9128
3050
524
4709
770
1111
9203
5523
7829
9779
5139
973
7747
8708
9707
650
4720
6089
9805
9222
2253
4188
6595
4270
9395
3660
6888
4921
5969
3507
131
2031
9595
7711
9493
5783
3460
1330
2199
8621
2800
8382
6476
9124
2775
1528
2633
3795
614
9788
5280
5693
7707
1137
3908
6977
435
731
6552
811
6355
3865
4970
1426
514
9095
1142
9030
4715
6559
931
2312
3097
7135
2500
2996
17
6565
8925
5346
9594
7592
1179
974
7659
8418
2313
3650
408
2329
4972
5853
993
6363
1979
7294
6161
2420
9590
3832
1326
4007
9844
5840
8045
9254
6084
6775
3197
2273
805
4099
9963
6703
4660
6743
6328
6177
3003
2331
6908
2903
8292
1439
8209
5532
5070
6590
3637
6189
4072
6421
9213
6308
2220
5189
9395
2627
8379
2666
2093
8338
503
2250
8924
4968
1605
8317
45
443
7791
1412
5490
4798
4868
1612
8462
7759
4597
7167
2574
8505
1262
7401
2669
3267
1794
30
7067
636
6559
7606
9460
7300
9765
7321
5465
9664
9212
8283
3073
2423
1791
402
5667
9019
1917
4086
6570
2162
135
7251
8709
8889
1882
3105
819
8828
3786
621
1207
6808
8556
7488
2606
8101
363
3096
4957
2346
531
7214
6710
3651
2111
9560
8922
9551
9104
9438
5148
29
5300
5732
9345
6272
4431
8491
4016
8973
498
1709
5647
1748
7327
9257
384
1912
9978
2182
2548
6694
8107
849
4633
4132
7712
332
1231
196
3266
2763
6950
4685
6414
8522
2547
5045
7818
8262
5269
8626
6965
8759
1904
9671
380
1293
6345
3329
1086
4305
7003
6294
8942
4415
4975
1215
6963
670
3468
23
1057
8472
394
7071
6090
3957
9104
839
3008
6016
9863
8668
767
8889
1219
8518
7970
8190
6427
4244
705
9179
8578
9237
1872
9325
4581
7430
4426
1347
8509
5184
3765
8781
8601
3351
616
2420
8558
7217
5924
3558
1776
2171
5255
9756
7917
9929
5650
3345
9959
1686
2920
1819
2626
5701
1914
7802
192
5667
7731
9387
9213
7490
9768
735
95
6311
6069
2608
7579
9930
3932
1663
6550
2047
115
7696
8922
4341
4760
1109
2848
1958
207
2416
1048
1802
5399
8788
9229
7810
1266
7925
2093
3206
8848
3563
3463
6423
8338
6229
6460
2801
4507
2808
5286
8926
7461
627
2050
7535
3115
1119
1437
9826
6184
737
8056
560
4703
7497
6726
7194
7694
8443
6476
4268
5678
106
6466
8516
6820
2437
1513
2553
6913
5285
904
3417
6228
5175
6522
4019
7765
2431
8519
5324
1653
4702
2490
1711
8591
7416
114
6435
5873
6864
3846
5970
7969
5161
1008
1277
3181
6451
7955
4780
7351
9592
7296
7887
687
5134
2245
7975
9493
9476
8695
8156
2068
7976
4559
4850
462
120
9298
8930
3317
8545
418
3454
57
6785
5850
8212
2227
9745
4287
7428
4699
5708
3111
1196
366
1748
4479
8162
6989
3580
3284
8073
9360
4205
825
5534
2304
4308
7292
4276
371
902
7902
3960
4597
3724
149
433
1055
2563
4564
9346
277
64
5662
2850
7286
2213
461
6926
8802
3517
7159
3216
7223
6022
9374
771
6512
4894
5441
8919
8062
9717
7317
8019
4042
4571
5477
9712
2286
1490
9860
442
1199
2606
2012
6702
4141
7227
5615
2188
7808
188
8391
9854
510
3299
5971
1938
8002
9551
9146
3801
2112
2543
2890
3164
7516
4407
6501
2783
7458
9508
6250
7006
6123
6985
337
48
6758
647
2720
9958
7122
1897
7798
6505
377
5040
5298
1105
5922
1164
8957
7244
3026
3627
8486
1203
5071
9302
7475
5136
8337
5548
1074
1011
7160
6756
7560
9738
2172
8736
7737
7942
1607
5016
8
6578
5349
3082
2802
221
7142
3243
7214
4459
8614
1186
1678
6080
5741
8164
8623
9253
5033
1196
7852
9199
7135
1761
217
7410
40
2882
8874
5193
625
1517
9202
9286
4579
6578
9830
1462
154
3658
9694
2503
1973
3404
9605
2634
9028
7935
4107
8128
2896
2940
6456
2287
157
7675
9602
557
6287
7911
7621
4295
728
7571
1839
8860
7516
1785
7871
7261
8550
5693
5737
1876
69
6572
7020
7120
7949
8006
2732
6110
8804
9897
2800
2562
1166
1822
7709
1782
9129
2753
8442
478
7857
9134
4309
77
2962
1808
5605
7010
4023
9416
1570
4127
5673
3317
3061
6226
9448
8982
228
5953
4618
5026
897
8342
4473
3410
5319
313
8913
3302
5187
3083
2653
2511
4395
7437
9580
6170
9995
689
7555
9263
3906
9654
5648
2681
5750
2757
5809
9858
4560
2462
8875
3081
9764
3089
9119
7698
2066
820
5786
7922
4956
3508
3017
8688
9563
5706
8258
523
5392
8606
689
7072
441
2847
1858
5030
7694
6761
3836
4781
3884
5101
1023
112
9428
8886
9517
2740
6634
2997
7508
4480
7354
6741
7769
3313
673
9806
5065
7865
7185
9271
3480
2676
792
4748
5104
8728
3015
1508
7653
2448
8716
4889
5532
748
274
345
6819
4104
3101
5366
2762
2546
2148
5859
2535
7531
5946
2290
2658
8681
742
8730
4393
9832
754
4971
1650
8548
1527
8064
4912
1711
2780
2511
5043
2577
2424
4078
9632
269
6215
1954
651
8720
4368
8189
7788
6319
7081
5014
1108
7516
1615
3953
8566
7766
617
4802
5274
1072
7376
8360
5076
716
3281
3290
879
1338
6687
7672
580
966
9963
6752
7248
9147
8334
6560
8265
9685
2306
9483
3017
7142
4481
7360
3597
1181
9313
1541
977
1040
6471
7534
534
2201
3407
7384
8890
760
4284
4091
2391
5356
5860
22
7125
9426
1212
3285
4464
5347
9787
5780
5416
4193
3210
2909
2399
5978
7111
2489
6359
788
890
2886
7474
4066
5321
1023
4872
6409
6090
2351
8941
7585
9804
236
3720
219
3898
7032
5826
2090
6457
5393
4650
9611
6782
8319
8246
7986
9579
7376
2020
8836
381
788
5854
2480
1156
1871
9701
4191
5965
2567
2775
3265
9339
5454
9723
2590
1093
8148
7323
1434
4628
1830
28
6906
256
5896
9113
8623
58
3439
540
3651
8860
1781
4556
9725
9707
7360
5717
3078
4318
8609
1628
1669
8014
4289
147
722
7842
7771
5456
9619
2865
1458
9645
666
8187
2514
666
2399
7530
3829
1256
5018
5644
3642
4037
519
9700
8888
1584
3404
1707
2462
9378
9040
2344
6514
5223
6023
6866
7020
4264
4386
552
1485
7362
5704
2947
3048
1641
3977
6515
4378
9963
6184
4849
3902
8275
3226
2966
1765
989
7810
5829
9889
4746
5317
2140
9967
3083
7608
3317
373
3234
2106
3189
7829
2801
7699
4580
4619
8085
4802
6898
5559
457
7478
1451
6172
3976
1256
4793
3873
9295
3524
4874
349
9393
4460
9718
7715
6059
8086
1295
6640
1966
5917
818
4987
2573
3770
405
8384
2006
9141
3296
348
9854
7350
2027
8877
5929
2873
5202
3734
9053
3331
2045
3169
910
6022
5202
5501
324
1089
5576
7470
1093
2010
5594
4509
4251
9623
4748
7518
8126
5153
8462
9765
7076
1025
5696
3209
8602
4114
1238
325
7595
6000
8112
5447
3974
2299
7886
70
3029
5737
1038
2679
1361
3802
8422
3945
7020
90
7461
6200
6612
2873
7476
418
9365
2636
6837
1973
7962
9752
4249
3234
2596
8981
4638
3509
5484
586
3893
9197
3230
1999
7748
7296
1948
8216
5112
7140
3648
581
4512
5698
6462
8910
7972
7851
6139
8852
4550
3148
4134
1254
2547
9212
1886
4184
7122
3455
6759
2663
1281
8148
4887
1756
2303
3315
3560
2266
7236
2993
6440
1929
729
2649
8540
5731
5929
2594
3009
4377
4430
8728
5457
9314
1622
9295
7721
622
4387
3553
8991
7713
668
3868
5461
4516
7439
2376
6091
535
8884
1302
4745
3273
1483
7740
4546
4898
3590
5570
5750
4314
1081
9814
9207
8000
8264
9666
4497
2479
8004
7191
5018
1245
3568
4268
2303
9064
1314
5679
6644
6338
3332
5624
3707
2201
1180
3102
403
8848
4446
9535
8563
4360
1440
3483
7222
3038
6311
9138
209
1786
4809
2611
5024
3050
2846
8298
1744
9550
1417
9818
7474
9886
1814
5244
8671
2751
6632
3224
1684
8991
5341
2780
8901
4704
1857
5140
6679
2878
2917
686
1351
6694
177
5142
8647
9290
2640
516
6651
2739
9330
9211
2589
2750
9207
4287
3725
1990
3555
7891
2137
8419
1198
614
3580
7033
4912
3389
5369
1545
4148
4099
2179
5422
2982
4173
2355
790
6220
3319
2125
8444
5332
6096
2819
33
9657
3256
779
600
1925
8069
4598
8146
5375
3866
3706
5336
1704
6286
4976
1728
4098
5635
992
6604
8315
7848
4974
4510
3798
4500
9312
8569
5141
9093
9835
2621
7317
4512
6098
7941
2564
6010
9905
3767
2754
7364
8702
7237
9582
6144
7983
9480
7883
4868
4352
183
9100
8781
8738
859
5842
9369
5107
455
2162
527
19
1480
1343
1794
5808
4307
6599
3861
6256
4271
3632
3832
2704
7915
1349
8437
5680
2524
3146
4296
6499
7711
8067
3799
1448
3483
6803
9605
7649
4650
1579
6452
6969
9344
2760
2754
2509
1489
6641
98
1877
186
8264
305
3965
5773
5790
51
305
1801
3107
8418
7547
7174
231
7725
7241
767
4062
3831
2891
7447
3500
840
6873
8694
1511
8071
1707
277
7428
4459
355
1653
5731
8376
2070
9873
7321
6405
1276
8316
7051
1006
4872
7447
6210
7961
7304
836
629
2996
6456
8728
4811
4464
9334
7681
7602
4097
7272
2041
9441
6034
5867
3065
3586
3917
4623
3299
1091
6871
978
5443
9341
1533
9634
1255
5077
691
1856
6152
1173
5698
5658
3049
8857
8686
7807
1668
8999
9328
2781
8825
552
9761
5848
9729
3024
2329
1219
9580
4304
2598
6938
4865
3997
3291
4651
7755
7169
562
2092
3140
5025
6768
3353
1608
434
2823
2381
8618
2326
9707
4564
8359
9176
1881
8090
6295
5247
3731
8509
4827
8483
4505
8837
3002
888
8233
1094
3115
8394
2147
6807
7320
1199
7753
9224
7448
3491
3709
1825
5284
9803
9374
8107
5706
4184
5783
3204
1613
686
5805
4750
5214
8645
1796
6849
4658
3359
6265
1646
7278
604
2080
8119
6665
7126
7670
8782
9679
1763
1999
1129
8618
9213
7404
7401
6432
8902
1418
6474
2848
849
1535
4238
5812
8289
2891
9848
2696
4312
5399
726
1287
5878
5879
7523
6916
205
1568
2849
7341
3715
4067
1017
7058
4792
9603
3893
4771
3326
9405
1705
1078
729
6300
1481
9592
1930
5784
4811
7757
8975
4785
3676
7163
1683
7953
4481
8090
2275
4516
8880
9512
9158
4995
5644
829
9934
1065
8769
8834
1804
5590
5800
2950
4978
8971
1659
4451
8035
2685
6348
8415
2229
1771
4990
6578
9677
8461
5228
1504
9834
5881
6367
4561
7318
3395
1522
5180
351
7835
6324
2236
600
8059
2518
1429
850
7566
4338
9050
7661
9659
5181
9820
4546
3748
928
2725
4582
7177
2933
5807
8564
9359
5577
2111
3624
997
1240
9976
8939
3798
9633
6725
8048
4112
8089
8405
8341
1192
8808
8157
8837
3318
2626
5329
8688
3560
2084
6558
3040
9025
3078
6696
8206
8946
3309
8482
8861
1960
8065
383
7643
6370
8346
946
7581
6900
6687
7602
7774
1522
4583
6234
8397
6614
6410
2022
3957
866
5541
5012
5419
5058
8589
2230
2380
9243
7474
4564
3083
7227
3374
288
4326
9355
9575
4627
5831
2215
605
7338
658
9129
4807
4468
1425
1486
405
9795
3758
6592
5288
6177
3582
9449
2843
3214
8232
1062
2932
8479
2391
1777
5378
5935
358
975
2060
1350
3118
4691
4323
8288
2537
665
1171
1410
1954
3610
5930
8914
1341
1160
6587
1831
7453
2921
1916
2400
7275
1706
4224
2708
6376
1263
8228
4052
8034
6551
1616
4028
9307
7082
6803
5800
6250
4479
581
2001
1551
5867
8857
2186
1552
8091
3353
5343
1327
3417
4295
3302
9419
9290
643
110
5051
8995
4014
8990
9377
2443
8108
1440
4277
7758
5085
33
6741
8205
3777
5983
5504
1718
563
8254
6243
5836
4745
5419
432
5065
5656
6162
1358
92
804
9419
6627
8175
2875
2181
2911
7741
8226
3602
7772
2014
4280
573
2711
6716
8386
8119
5213
9819
5564
6701
8888
1117
3855
8895
142
8630
1650
5559
855
859
5753
640
4884
8686
8416
8272
6725
4690
955
285
3121
3886
6180
4629
230
9007
9435
3190
9543
7799
4352
5515
4606
131
1619
4495
156
7230
2969
5622
8590
4746
6399
9454
9114
6522
7726
5466
2001
5986
9006
6022
2095
3941
3971
3919
2680
5879
1997
8443
6754
7971
5666
6166
8142
2217
1763
2731
805
475
3044
6630
7579
2097
7919
9968
620
9281
1331
3
1524
1311
2459
8293
7102
8837
973
2663
9892
7566
8700
5802
1729
7733
4008
6517
3582
4476
4823
5383
6443
6207
8584
7898
2913
5984
2478
5762
3356
1721
6715
2145
4386
3301
6393
1704
6533
8153
8079
4937
3536
7381
5218
7905
2105
4480
9923
7304
8081
1450
2309
3544
9389
7094
6015
5005
4722
523
4127
6566
8306
4664
9027
408
13
2167
9556
832
5140
6832
394
7951
1869
1229
976
8187
6679
7623
7099
8023
9038
4420
3966
9601
7973
7335
8856
2127
5801
5774
419
1963
4667
9525
1685
4453
6288
3580
5026
5911
6539
2586
5340
3659
4541
5459
7658
3206
1018
42
3085
9344
7246
1714
9984
5152
6027
8680
7261
16
4372
1792
4969
8920
7147
7908
1395
7086
5477
1097
6079
8493
1747
8190
9725
2917
7057
719
224
5951
7460
4507
6204
864
2217
9433
9446
6259
5202
1211
1466
9339
5062
5429
5402
3770
8422
5721
2561
4782
211
6037
9277
7570
2194
8162
6742
4947
4980
1433
5243
4310
8467
9155
3035
4240
7659
8458
8306
450
6980
137
4872
4151
3679
900
6042
6208
8770
7100
8129
8534
2002
9408
3647
8866
1200
4964
933
6482
5994
6518
1344
4487
7194
6810
4829
7168
1880
1499
1040
4730
3408
9339
7769
4873
4929
6096
2976
9019
8497
9021
4851
2081
3409
2940
590
7760
2994
1731
8238
6667
5361
7341
5162
947
7991
6910
4671
6136
6130
4076
1591
6741
8508
1715
9629
3762
191
3252
3890
6071
5646
8958
5940
6928
5936
2714
9907
9991
1219
1448
90
5292
2515
4893
3083
7849
2177
2528
9607
150
4367
1137
3916
3769
685
9356
8685
9590
1398
7461
3266
2339
8746
9615
195
4097
4692
6884
3716
2506
6434
9502
6969
5918
6277
8303
9770
7673
894
4594
702
2902
9644
8761
7545
7115
9296
8548
9530
7039
4697
8341
1819
2938
3210
3917
6227
4208
313
3855
3888
4866
1300
8
3556
6248
2284
8587
6033
9345
3231
2507
9498
4530
5575
967
6177
4723
1329
4891
7234
7448
7411
3272
585
3732
5736
4674
1331
6282
2135
3190
751
7337
3018
8042
8609
1078
1550
1674
8398
6941
7873
1499
7530
7531
3053
8932
3364
5178
2569
4853
2631
1346
703
2964
7178
4432
9259
7401
8683
9590
6425
9077
9209
4992
610
4338
1877
2105
9963
6336
724
9673
4178
5566
331
1819
9301
2837
1047
5935
4946
7607
304
5129
2670
5056
1251
343
3620
8130
5394
8427
4360
9472
3535
1891
3528
6644
8406
1553
6514
8456
5828
353
9192
8361
5156
7800
6494
3330
8741
6421
4748
9731
890
5670
273
8627
2661
5033
3885
2826
28
4324
4166
4879
7109
8284
8309
7837
3207
6504
1897
4408
8066
7661
1214
8960
7190
9354
9604
7371
7887
4141
9741
5318
9080
1464
5806
976
5186
2227
259
2580
8395
5568
9972
8248
4342
3364
7468
589
6241
5997
5802
1573
1472
5571
3936
5744
23
4978
3155
3840
8375
9134
7431
7371
7150
3436
7786
6715
226
8942
1190
5135
1217
2468
1470
1444
6652
7822
7264
9175
4320
7991
5378
7382
9366
6111
3133
7702
2042
5985
7936
8024
3096
5739
3871
4936
4542
6270
8143
8746
6832
920
9766
6609
5430
6512
1790
2410
3425
1192
7108
5485
4158
560
8594
9152
8676
2170
5434
6625
8744
7445
7784
5590
1448
6591
6791
425
7976
3814
9516
1583
2172
7014
4443
3659
3799
7494
4450
9029
761
3723
7802
5793
5598
6263
6635
5055
9506
9792
2074
1562
3270
5148
8818
9394
2530
1106
6287
159
7494
1816
6538
1620
4727
5237
2679
378
8467
6902
780
3046
5457
6784
1344
9584
7786
3333
8032
1589
3880
5309
9344
3673
7028
2049
5934
966
8748
4361
8345
4236
9007
8092
462
1664
2418
5220
3275
8107
6319
251
222
9077
6902
9532
5930
5220
3125
7995
5408
7898
3168
5656
1395
2512
196
8143
1654
7456
5693
2553
1131
1183
3721
794
2527
6523
9547
2442
188
6902
8021
9322
8663
2507
7348
5051
3424
3338
6157
8509
662
940
7403
4907
2072
7163
6211
3838
8032
8564
2789
7117
5077
7310
3585
6936
9181
3326
3137
9694
3327
8881
1454
3364
5736
1492
3155
1287
6714
8824
9796
3249
3164
3860
1993
770
2135
1471
8483
957
3977
7690
7890
8702
8221
4189
9595
343
2978
2488
9407
8202
9074
8951
7527
3239
598
1034
9991
4547
3717
9546
2151
1521
8543
5558
8574
2624
816
1368
7113
8226
618
7907
6251
1914
1351
9119
1500
1544
4574
4276
9306
5933
9066
2763
5175
1140
2030
2769
6876
4198
3356
5073
3715
8866
2675
5751
514
7025
1750
6208
6863
108
3442
8245
3804
8496
9906
8779
7951
4662
5175
8911
3782
9628
4226
1889
6809
4391
6588
5942
29
8772
2499
4398
1157
7902
291
9010
1498
3352
5484
179
15
3892
6491
7287
9017
8520
359
9144
2941
2189
788
6269
4933
6212
3987
3208
7817
8553
4699
5266
293
1651
7984
2036
4148
9840
6601
8991
7115
906
8138
7435
1540
3119
7714
3350
1252
2121
2938
2284
2396
8651
681
8427
8466
7347
8669
161
1970
6564
2032
8003
9035
8144
4399
8956
8457
4327
4964
3913
2652
7735
8386
4483
6050
9888
8239
6704
8210
2511
3751
565
6302
2516
3272
3787
6587
5928
3874
7669
1335
9344
3496
5615
4882
5996
107
7235
3407
4481
4994
8196
872
7408
3712
5440
2387
9826
519
9686
1839
2115
8174
4981
3078
8001
1488
9768
398
3458
925
3235
1196
6109
7515
8473
7622
8601
5537
1686
4983
3276
3194
2740
4050
1092
3703
6585
211
5646
8232
6644
44
3829
5461
7696
3337
230
2201
2076
4784
5609
1427
5792
5350
9853
7647
6652
6766
8042
8353
4469
2422
5660
2361
876
1167
6874
9828
1102
5525
3862
339
5740
8756
8085
7249
1958
481
5418
3196
5486
1167
1843
1226
1455
618
8315
1255
4496
9237
6164
9675
3060
4777
7808
9605
7935
613
9252
9267
9259
5373
4512
2512
4433
5900
2052
8587
5765
8311
6512
7073
3462
6063
1759
6151
7261
2409
7290
7834
5315
3219
3465
5989
7793
9162
6262
6442
4223
2678
5217
8775
402
2477
584
8781
8485
5649
5933
7706
1618
2262
1345
6411
952
2678
2984
7368
3579
8274
9095
1185
4799
2231
6290
9208
2361
5754
5111
9281
5109
8246
1264
2592
2977
9750
5640
843
1594
1900
8171
5995
8812
3493
9107
3703
2298
187
2708
3528
1721
6739
1111
1773
2397
5546
2723
7548
2818
8863
5495
14
8925
1402
9596
3454
5317
8931
8403
3419
6156
8270
3593
4399
8607
5006
2905
7763
166
7460
5223
9829
6074
9687
5659
7239
2737
3290
5123
4779
6617
2496
5949
5687
3787
9129
6905
1531
1440
6334
4862
8151
7132
5788
625
2766
223
7028
7502
2973
7294
9862
7668
7309
9098
8134
2853
4506
8469
3938
4136
7307
2822
5483
9107
9436
1232
7338
5824
6897
3477
8285
2187
2020
2494
5894
1470
8118
7261
7057
9190
5808
72
1489
4551
4028
7982
8420
7076
6471
6105
5585
1700
991
279
7662
9410
5494
4445
8629
6202
5498
6640
5527
2931
7010
914
1753
7706
3649
8007
1331
9337
7463
6705
1506
2002
9117
352
4553
6137
6951
5370
7289
3817
9514
7822
4965
3239
3397
5889
7396
2263
5896
522
6196
8342
3168
3818
6783
7794
1291
6912
9364
3554
2608
925
1871
8823
2732
2403
4300
6609
7971
4424
609
2428
7384
958
4807
4429
4904
3784
4900
5997
3887
5220
2369
5884
7353
3577
2592
3490
8259
1031
4221
7211
241
1593
3260
9117
7403
8280
7581
1757
0
6567
6308
4915
9581
6264
7578
9543
2645
6339
2150
1736
5818
3758
1783
2679
8808
6532
330
5154
3036
6456
3830
8956
2797
986
4590
364
6433
7816
2565
4009
3733
9366
1537
3850
3056
928
8344
9173
5634
4081
1754
4391
3739
5179
8325
3211
2392
4567
6308
7644
68
1189
4728
5538
1252
2448
802
2260
5156
2459
3565
3239
8663
3521
7465
8471
5211
6790
8035
5556
3134
4827
7123
4945
4634
9070
3936
7423
5867
7807
9540
690
2160
4911
9741
4291
6443
4814
1810
7504
8354
8915
407
3483
5883
2075
6520
505
5895
7816
915
2128
551
6072
9282
4871
7881
679
8792
5250
8206
8113
7018
3416
3592
8945
7146
9433
239
4024
3346
2760
6241
3403
8544
9747
2516
3637
7402
1187
1411
5531
94
3220
9224
1852
4186
3455
6404
7168
5811
4070
8203
6399
1343
8627
406
4249
6533
101
8067
840
8802
9468
3867
1803
2966
8257
4169
8784
9965
1236
3536
9363
1280
8772
7510
8438
123
3351
9916
9483
2405
5659
6762
6823
4754
3086
2882
8972
581
7213
5969
8909
9349
6549
7966
9247
6520
131
2019
6114
1579
8527
1840
5080
9771
8412
5508
8149
1555
9666
2712
3741
8733
6774
6309
1334
9674
7157
7146
8049
1272
2993
9537
9375
4212
5605
5951
9254
9719
4889
5890
362
752
8310
4577
9733
2003
6906
3765
9544
3529
3267
4222
3938
9776
5696
8037
826
4384
9394
889
9596
2790
3212
9251
2335
2856
1821
7619
130
4274
9371
3053
5716
232
947
7221
9933
3531
1234
9347
6784
1579
3029
1628
2732
8748
3694
7088
8660
9931
2645
9426
5830
3992
2791
1244
5754
6753
2891
3461
4168
1450
1115
1894
9540
779
6971
3803
875
6049
4366
1971
5524
79
8540
2081
3471
3998
8114
9336
2175
3643
8944
8114
239
2913
5957
9130
4613
3569
1868
4048
2348
5278
8532
9873
1358
9091
3149
5111
4380
6155
1554
9838
3302
5625
6436
1507
7620
6697
1480
9113
6338
7803
9059
127
6852
1986
6059
3859
5548
986
7565
4631
2795
1897
5789
6903
6920
2646
1033
832
3765
9960
7033
767
1150
5429
1128
9154
2559
1706
3128
5452
8159
2602
5497
3049
7099
3167
3976
4331
5549
6744
8937
1625
8242
132
3776
2866
353
7279
8730
7553
8831
68
1057
680
3661
6370
958
5180
303
2802
5545
4347
2833
4671
5717
1889
8060
9462
3017
4202
6496
2409
7110
4883
4117
3114
4682
2349
6723
6613
8604
4066
7315
728
4918
3046
4084
2058
587
4201
9802
7886
2157
20
3278
5212
6230
4953
8797
281
5342
8942
3108
5290
5309
4518
6497
7577
728
5048
9164
6005
7399
2006
5316
5238
4762
8439
9151
432
2974
6057
8368
3684
830
8904
7107
1381
700
1222
778
2138
3798
4112
9220
8583
3053
2124
6683
8418
5893
7826
1918
1409
8522
5907
1489
3695
4649
3249
8986
4493
9526
382
8393
6269
5082
4795
7605
4332
5894
5940
8295
7363
1325
4865
4010
8294
6806
2179
3482
9638
9107
5814
1291
3888
9074
8320
2498
3669
5372
2352
1866
4823
8199
2635
2436
2515
2157
6665
7683
9397
790
6259
5214
1368
3926
8991
4988
7561
485
5960
3745
3036
6887
1858
1108
9421
9986
9587
1262
4327
8995
766
3564
4801
1922
7225
1100
5905
1772
3691
9172
4933
4430
1018
9996
2755
4148
8721
8261
3946
5860
8764
1306
2952
508
5863
8621
6773
9148
7350
5809
2516
6711
1413
4962
6058
2062
661
8545
7199
4611
2428
7107
6383
4032
4076
2843
7265
6984
6184
6102
9044
2217
9575
7095
1689
4103
3774
9965
9701
1705
8093
7897
9196
9417
9571
1814
2320
3850
9237
5022
8268
6588
5771
1116
9438
3083
7119
8452
2284
3989
4675
6545
4618
5024
4784
8372
2042
9823
6260
5331
3346
27
2348
486
5339
2381
7683
8540
911
6841
4239
9279
1614
4216
9982
8068
8881
4769
4368
3550
7079
5274
448
6935
9784
3244
186
2483
9325
3521
2061
3469
7135
8511
8927
6233
5420
59
6031
363
4653
6884
9847
5604
8472
5632
4122
6463
5272
7310
92
9708
6367
3186
8570
2181
2276
8316
6485
252
6392
1538
3291
3105
2314
3532
2327
9513
623
6189
2103
6147
2230
1364
1351
4139
4430
769
9883
5604
1015
8236
1563
5547
8295
8593
3299
852
3777
5492
8976
4621
5648
6550
1056
435
6901
4697
4992
8342
8190
8534
6563
7144
8111
6610
1798
9882
4980
465
5458
9471
3217
5737
5842
175
6355
966
7834
5237
9779
5796
7128
7182
6197
9989
4169
1021
8841
815
4688
3036
7476
8971
4228
5791
5009
5630
6073
7408
3940
3783
4599
1312
6843
633
6514
7366
8086
4587
7581
1742
230
9736
3798
8614
6126
9459
472
592
4554
8086
1720
5717
8029
2398
1712
3779
1258
153
1456
8599
9294
4784
4225
7325
4895
3965
1424
5628
3610
9802
778
5424
4976
6083
4449
308
4354
6865
1676
9708
1029
1879
1418
464
405
7101
5612
1304
3212
3548
3333
7458
5723
6854
6390
4537
4609
3906
793
3583
9657
9521
7755
1054
9838
4118
7722
2474
3031
7158
5706
2786
1459
2077
7126
5515
4398
633
2897
8829
1827
6682
2557
8597
5989
296
5076
5075
3043
1082
2813
259
3065
892
5230
9621
3882
9834
4788
7529
8820
8058
2859
5587
4426
8678
1869
1429
6764
1145
7696
8234
6323
9219
7564
658
4977
2837
4898
3391
7972
3809
2213
4898
2148
5033
405
4601
9224
6742
7117
1944
7204
71
5143
1445
6675
2139
3435
2821
7888
1374
2138
9567
6375
3075
3056
324
5349
1028
2019
2625
8754
5115
2403
7886
5221
7046
3697
1235
1365
5423
7546
1713
2771
248
7896
2901
9356
6855
718
566
8496
7182
4836
6116
1343
6667
8558
2784
4846
9125
3668
605
6769
5171
8465
3709
4707
1579
6104
4933
1698
2867
5271
1502
453
3478
746
319
705
7590
2182
829
9279
9121
589
564
6157
1958
8617
9047
622
604
3536
8786
3879
93
6934
4059
3378
7240
5112
6406
4944
9777
1215
144
5618
2249
4676
533
8137
9682
2552
1565
5197
99
6925
7952
1707
7954
1403
1914
2237
4006
674
2620
9606
7943
7808
5766
14
4487
9358
6359
6756
3714
2127
2117
2167
5698
8815
5846
2166
9808
9605
378
1061
8368
5199
3372
7898
7979
1739
6618
9385
844
3793
5246
2619
4218
5000
5042
306
5459
8294
90
6660
6460
4507
8607
1367
8261
4738
5234
9784
6246
3347
5167
4406
4856
8530
7921
8186
2210
9938
5755
4417
9122
2684
7094
2531
9506
5105
1695
765
7817
3550
4345
914
7057
3970
498
4702
9201
2535
9820
2675
6594
6355
588
9089
9371
9085
4663
1647
3443
588
2763
2022
8549
5974
7038
4484
4722
4709
4231
9414
6043
1005
4619
1409
610
300
8830
8467
6810
4153
8968
3265
5318
3248
4353
7242
3766
1893
3251
8773
1579
1955
4496
6547
2176
8456
1606
8100
1910
2168
7807
2202
8106
2723
897
4333
9223
9738
6807
8128
9756
9316
3542
6276
1257
9527
6292
1558
7270
1491
4960
3611
409
1753
5719
6123
861
9684
9593
1636
6500
3166
5421
8802
5882
9082
5318
2929
9172
9652
4447
7238
9941
1401
3406
5102
4231
672
9807
2407
2385
3579
8169
8037
3285
3230
2018
6768
8769
8799
5221
9161
4737
234
4560
2242
8909
5377
9438
1821
9219
8090
9673
609
4570
7090
2524
2604
539
8087
1277
1702
9301
8816
8233
6042
7561
5046
6507
6176
2305
5248
402
2448
5736
2832
1470
1551
5574
1397
7339
9536
9402
1021
2295
5391
5840
7099
6920
4323
3410
1789
1407
610
6580
6498
9741
371
4338
8666
8522
4875
7565
7631
8865
4313
2982
7409
5829
5792
8592
1218
4949
3810
3553
8458
8435
4038
6564
5657
3164
7897
3792
9567
2856
1588
5943
1419
2441
3232
5201
922
9551
1563
348
6991
4526
8173
8413
9218
1173
901
1591
2814
7938
8108
1274
6520
7738
1938
2959
3053
6211
8106
4995
7960
6297
9325
7324
7041
9020
6418
6789
3296
6530
966
1484
4616
357
3073
3550
6585
3371
1923
6488
9641
2202
3187
8978
526
3810
9371
3148
4167
2256
3719
270
2994
4877
9278
9349
3316
1358
6131
771
6767
8894
7883
7606
790
9285
23
3497
397
8505
6374
2665
5122
7534
4685
3585
1505
142
1564
6505
7622
7894
2814
6338
7198
9783
8429
365
2130
1620
9588
169
4246
1581
7050
7503
9585
9229
4724
9830
9351
810
9042
8394
4454
43
5106
6456
9073
4816
6504
1378
5758
3604
6278
5572
2527
4164
3076
7074
6482
6539
5551
2893
9734
3730
6262
3126
1986
5602
9270
8754
8036
1395
3089
5777
1607
1516
6065
301
5038
1725
3962
7733
7609
6661
6531
1674
814
6332
4958
1336
5780
2267
3777
412
5793
2880
816
8699
8777
2340
7835
2080
1177
9605
7931
8546
6425
8267
4637
8165
1263
1505
8777
8168
3836
8707
1994
4853
9019
1012
2448
7846
4052
9642
3259
3675
4193
9567
9771
791
986
1013
44
5234
1683
4701
3739
3055
6561
8468
5902
5463
6667
7438
7116
3635
6513
4765
4043
2579
1069
8322
7813
2391
6151
3591
9561
6267
3677
3639
4754
5484
8029
1354
3839
9096
3099
4792
2276
5643
8030
4289
9235
6616
4547
2687
8093
935
7915
6246
8827
8271
2838
1225
3365
198
6051
9161
5621
4755
8108
9318
105
9094
5607
1115
7762
509
7602
4573
3975
7956
5945
7402
2687
228
2544
4719
1619
1290
6757
8921
808
6761
4904
6463
7733
4167
6655
6528
5152
4261
6065
8123
737
9624
5363
8859
7167
6256
2705
3684
4974
4864
5545
5568
7741
4353
9500
8778
9431
2579
6871
8592
6427
873
8216
8106
921
248
6499
8801
7310
5141
5971
8270
390
3432
719
7172
9973
5555
940
7013
2561
7493
4960
4144
3723
8668
251
7190
8614
4101
4097
6783
8719
3981
6521
6709
9368
7234
2785
4691
332
6150
693
9830
752
7518
2855
4303
9815
632
3531
520
6758
2784
2325
1362
9040
934
8136
4921
7358
9363
9345
4862
9246
1518
3624
7281
5001
3913
6797
8829
7224
4145
1715
7341
2497
8660
5624
3183
4836
4752
1376
2226
1557
6267
7274
3594
2435
9114
6286
3248
5267
5077
6105
5910
3073
311
5191
2450
1871
5522
3099
1990
9519
360
2486
4309
4087
7337
357
6647
5155
3888
753
9441
4103
9279
1612
3541
4340
5548
4417
7793
1551
3395
5932
8245
3697
4929
2876
3605
7597
5907
1990
2981
3710
4390
3835
5279
4922
9071
3617
9203
7543
4864
3905
8876
2511
9884
3747
9842
2377
367
13
6536
9974
3307
8615
2449
7714
7939
2290
6682
9606
2562
4317
7443
4358
3965
8960
9191
4308
629
3998
7313
3483
4537
8770
879
4828
3151
1127
6397
4417
8935
15
7836
6709
5813
7679
8373
1484
676
6408
1684
7382
54
7039
4515
6140
1839
1262
4056
2876
1848
4960
1106
9794
1907
445
3568
3707
7894
6924
1979
2374
914
9276
8008
4462
3428
7232
1858
5523
771
3147
5686
3903
9770
3956
2460
211
2271
4906
5002
5057
8777
1206
412
3191
5654
7622
7098
2407
882
8713
6556
9410
6941
7447
2287
4562
7882
5457
7991
6754
1961
6249
1578
4768
8532
8684
8759
5077
3300
9068
6011
8277
2725
4189
4088
5139
1410
8902
5488
9195
4168
9371
272
4367
6744
2178
3212
1559
6432
7786
1373
4405
7415
5603
6495
6788
7325
2554
9865
2232
1336
1949
7152
8647
2868
1344
706
1414
7272
3157
4787
9904
8281
2219
9534
7552
7968
6699
7556
8248
9403
5741
3167
2660
861
7285
6999
7681
9444
6900
4238
6768
7931
5311
5571
9969
4952
9265
8270
3693
6065
2851
3790
700
7719
565
7919
8760
6532
3960
7666
6950
6466
1870
6655
3674
58
5663
7968
1423
5200
2120
8494
4138
7685
2802
2393
7829
9033
3143
8608
4005
1919
4681
3375
235
2256
2033
6043
6263
408
4525
7080
4214
2476
7875
6082
1538
6206
321
3393
4483
2329
6295
8225
5470
5996
976
5173
2610
2789
4387
7542
2768
8659
2518
3565
884
6477
4235
1148
4038
4771
3284
1538
173
8508
8772
4881
6203
7483
1308
3137
5919
2999
6757
2397
2166
4626
4004
1642
958
6109
7020
3709
9071
3588
543
9548
3136
506
9360
46
8122
7340
4872
6255
3495
9307
8782
4755
6357
8600
7467
4392
1444
5016
181
8921
4849
1320
6980
4233
5813
1372
1731
5185
9053
6955
9530
304
6362
5549
6145
1752
4336
5309
6782
8257
2175
2780
2251
8709
8006
6251
7832
5814
7823
6487
8319
5553
7957
1206
3779
5161
1911
5969
292
1051
2813
52
3837
6175
1652
6080
9364
232
8779
5923
7105
6135
5136
2928
2035
1157
4551
5365
8852
5207
231
4970
5280
503
5523
5542
2119
1819
6551
3861
3405
9507
9102
8085
6981
788
4764
3924
5377
7721
6552
2080
4506
4168
1974
3640
9425
9904
4449
2611
8838
380
9465
8463
2887
799
7694
2025
947
3270
2966
9703
2269
3439
2467
7987
4559
543
5164
3985
5267
1807
6368
2485
2814
5718
1988
8529
4445
2924
1440
7106
9664
5150
7068
810
6977
4323
5176
961
702
3230
9798
1116
9843
2750
9140
9373
3715
5001
5561
8076
431
1198
5300
7651
8823
5778
9899
6468
9397
2416
2239
2720
1679
2931
4837
6416
9638
7622
6662
3372
3415
1004
9295
8340
9584
9866
6547
6274
7675
153
9105
2405
2712
2380
9943
1700
628
2046
1202
6409
3483
4763
4612
6942
2118
9848
6690
2294
7044
8611
4366
249
464
4060
6157
7451
5512
9150
1500
1795
4583
2491
4361
3988
4724
127
6238
1656
2661
9187
8614
6359
7127
8363
8102
2680
1605
1868
8653
467
2780
3307
2745
4237
7660
2105
5702
2564
1484
7778
9761
5817
232
5758
8237
7987
8693
9039
5629
720
7471
5734
1348
784
8738
5299
6782
2854
2561
3919
2427
9705
2519
9218
8513
6854
8029
4474
4307
8360
64
158
530
2088
4935
6624
6473
8502
6177
9856
5095
3974
7017
2757
8958
3146
197
7532
7248
891
9530
4442
6878
6136
7677
5295
1288
5146
5387
7390
7287
4319
2618
3772
3495
192
6950
2717
3272
7759
7073
7148
9513
2831
63
6701
485
653
9681
8665
7330
107
1654
5467
5649
161
3884
9648
8496
6837
138
9218
8934
5727
4572
1517
2813
8054
8715
9043
4192
3471
94
2749
2029
1811
4094
7678
3941
9232
3648
6693
7438
7099
9223
5853
398
3126
576
8237
5344
5165
2675
2121
9773
6419
6950
1928
6785
6527
982
8922
5404
5785
7827
1109
3691
4536
4170
679
7911
3005
9741
326
412
977
719
5762
6484
1838
7617
6655
9794
6948
8891
7729
2557
9107
9428
3118
1266
5784
549
9470
2387
25
5707
2105
6345
8037
6523
3934
7159
5498
7352
2772
6782
7369
4626
9400
5976
6192
9327
4808
6690
8320
9135
79
3814
7188
8933
4649
4768
8794
4238
1538
6909
611
2544
1020
7329
3148
1770
345
392
3668
8293
2194
1719
7957
5146
5040
6206
3201
2220
1264
7960
2263
9159
9042
8623
5527
7581
69
2822
9778
1507
1477
4766
4646
4272
3586
2497
6387
3211
2576
2373
1237
6320
6312
6140
2878
649
6058
5796
2460
5336
1926
7569
3503
4334
7081
6650
8058
7672
7198
6179
2762
2904
8591
6586
9132
4432
6198
658
6277
8518
6875
7100
1241
4545
5018
8730
4834
9414
18
9602
3772
2382
1746
1690
8731
4962
7746
9582
1284
8072
3071
3218
7387
6733
6474
4492
2482
6840
2059
8514
7905
3658
2716
4752
6745
8854
2013
70
146
5341
8727
1393
3158
4499
6995
1126
5255
3676
5354
6810
8981
8105
8045
4239
5059
9061
1111
6829
7630
6023
2416
7361
9172
9978
3609
2807
1026
2198
1585
3917
4431
5871
8338
1304
1012
426
205
5494
9364
2577
8559
4677
8208
7494
8916
2917
496
8541
4940
8246
2294
1094
1226
3277
6019
9188
2020
166
1875
5874
21
7212
4588
9388
6858
5204
3676
5173
3059
5742
3115
9367
2216
61
6783
7854
5521
9614
4629
8101
3106
7722
2391
9585
48
3963
9798
9682
7462
9085
3117
8506
2946
3872
6758
2777
6844
484
392
7565
2377
1423
7027
4921
625
2961
349
8125
1472
9964
7038
4721
1145
9407
3888
5155
3306
4028
567
194
5216
7946
6160
5537
3128
6995
5609
6183
8141
3654
2135
3776
4342
6153
9777
8582
523
4021
8692
7417
3725
3300
4416
1701
7548
4894
3778
9323
2818
5731
837
4700
3239
6110
6724
5845
7273
7090
4180
9657
6521
967
1464
2090
9741
3600
2341
2697
1425
6122
6420
7462
1825
6903
8614
8991
4087
5347
9066
1218
759
2109
1947
4941
7112
4410
6414
5477
6263
716
7851
5803
9852
8515
8947
3922
6210
1349
3053
3729
1877
8515
2515
3292
5348
9597
3576
9781
4118
8016
4679
5665
5889
9176
7388
1498
508
7123
8130
2820
4759
2476
2609
2308
8883
2480
9606
9918
6738
2718
6262
9050
5808
56
6865
3473
4796
2967
2000
6673
5078
6090
1911
2460
1277
1837
8428
7589
9839
423
3565
5517
6951
9615
8358
7573
1782
7870
6328
9571
3406
7067
2910
6994
3964
9947
5412
5509
7735
9727
7202
1433
271
9956
3572
8640
8877
5325
306
5265
1854
6995
3733
6529
9796
4161
1352
2518
7550
5541
5321
8940
6943
7328
7885
5111
8833
1180
1374
6091
4342
5643
9670
8939
1768
2666
1981
4397
873
5696
9720
6940
183
151
2337
9520
6861
2196
8576
3387
9710
5780
5170
3092
8468
8747
7027
9363
5536
354
6309
3745
1002
2031
6413
8767
7476
3734
5191
2222
1404
347
2171
7059
5394
2350
3337
8124
5563
4311
7615
7396
1983
1023
8550
7766
2012
7014
8658
1065
1634
9083
8316
747
8445
1606
6692
5537
7245
1964
5723
2861
6723
8039
3504
6098
5412
5459
409
6887
4980
2083
8047
8298
3781
3334
2865
5846
3316
5498
7573
3243
5444
9117
942
1100
652
5839
9404
1255
2571
3628
8365
1054
4382
1855
6204
6307
3879
8580
6015
6495
554
7568
8140
9135
2173
136
5237
1279
4752
5459
7256
618
6287
8583
6107
9506
1549
5301
9322
2306
5712
2474
232
3439
947
609
3491
2925
5941
9419
4807
5457
5409
2197
55
1540
9612
3059
7498
5000
4700
5834
7027
4043
2258
8885
2224
2399
4763
639
4854
5537
8972
9196
5923
5701
6669
1602
5582
4160
1990
2961
9366
4729
3247
5091
1542
1767
8024
1878
8654
3349
761
7865
480
6494
9951
5769
1011
8687
3654
3960
5923
8132
6608
444
9636
9344
405
4300
2069
8495
5838
1653
3652
7001
7700
4037
8279
870
6259
257
725
1643
1787
2062
1502
9647
7096
359
7866
1724
3444
3678
4217
8763
7471
7166
7870
3738
6894
1664
5211
2937
2669
8805
732
9928
4630
2960
1708
7809
5705
8149
5029
8809
4983
9089
7359
3436
9581
5285
2868
213
5355
9353
1718
6994
6786
6365
8969
5011
7641
2488
5541
1905
6833
2451
4917
7508
683
5682
6677
6293
5685
7961
7920
6789
5308
7455
6202
5761
8984
4011
7134
738
4097
2688
2672
7835
5825
7562
5758
3895
2147
7041
2328
7331
5128
4540
2361
5689
9767
5149
7263
360
590
334
5387
8777
2876
8739
3523
9399
4738
2213
3397
4006
3869
8561
4884
9863
575
827
524
402
9594
8381
8470
5061
5694
4096
8576
9652
2844
9588
3138
8582
2855
5984
3799
8767
3774
4970
5327
2476
9514
4543
7959
4950
8740
9416
5938
3499
8834
9693
101
6474
9692
6421
5654
3273
3053
1235
8878
5257
1004
807
9604
8963
4641
4490
843
8618
6799
4396
4461
4621
5803
6861
6087
948
5133
7097
3739
7210
3202
5633
9451
426
8828
6383
9270
3115
519
7985
4133
9136
5555
8418
3283
4672
9834
1986
5529
1706
946
1562
1598
1718
5136
5136
9867
9450
3946
9444
2209
2709
7155
1047
972
8715
5995
1884
6745
960
9049
7385
8301
753
8726
1904
4679
4213
1571
3980
8591
8469
4809
9628
4400
9594
8114
8132
5537
4114
7355
3648
5052
8698
7448
9771
9320
7687
7577
5876
7226
5015
7432
8331
5435
9570
8660
3096
3738
2205
8219
1364
1912
9117
1249
4910
4170
3155
9013
5674
1582
8855
7108
9433
1334
9165
4724
5371
1950
8643
2020
3130
9945
7486
303
8260
1430
2151
2135
7641
2922
2759
3173
8486
3972
6643
9786
6122
7490
1326
4097
1081
3157
7373
5144
7745
6599
8022
9642
2853
8085
5278
3572
1682
7596
8360
1796
3849
1943
3410
1835
2573
2305
5609
5527
2126
2013
6760
524
9019
3061
3746
6686
5722
1446
4361
5826
2203
3304
8582
7033
7390
9803
318
6383
6345
4357
3250
104
7221
1735
8367
765
3961
5153
9048
9510
2163
3178
9756
6076
8636
9379
2250
8766
5790
1621
6668
2125
8063
6495
7722
5785
4906
2532
1431
9813
1143
9236
2301
2810
8595
3718
4820
3412
6173
45
2294
7349
4848
4761
8032
5314
7522
8664
3259
8168
5786
3051
7060
8366
2286
8269
860
9627
861
8044
5941
8583
6070
1448
741
798
9652
6172
6416
3577
8375
4321
3314
8864
1363
132
8957
5043
217
4374
9430
1860
7387
6425
8738
2809
752
1001
4618
5979
5682
129
6053
608
6944
2601
5772
3167
2265
7628
9401
6432
4697
3377
1860
3617
7307
882
9617
5156
8391
6709
9876
2697
5812
4599
8820
9468
2897
6139
9793
3506
9170
154
1998
1934
156
585
5630
6969
5512
8276
6015
9244
4793
952
6867
1794
300
458
1730
1268
7296
6192
5133
344
3677
2801
9209
832
5873
5056
490
8445
7173
9461
1698
1070
88
460
8865
6917
2100
5313
9596
9602
4115
9106
93
8802
4223
4851
6604
6771
2586
2926
9774
894
6128
8612
1021
7717
7674
3947
69
6614
656
7155
2367
9721
2578
9541
3920
4513
4060
2883
4878
3664
5208
4908
9030
809
9829
5083
8274
3013
6008
6873
7548
1153
5597
3837
7197
8571
2928
2724
8997
6913
6274
8131
1307
9503
1598
4749
6597
8381
7006
9192
6852
3585
6137
9092
4877
95
9217
3906
7265
348
8359
2668
4949
1881
7745
3541
7991
9403
7736
2684
5695
2343
5688
8843
5643
3813
7513
6763
1840
9904
2440
7856
1356
1388
1357
7503
148
9642
8406
6861
4262
9697
8399
6485
9284
9950
1086
3597
3143
4057
3581
4951
637
958
9067
572
8769
2601
5279
6081
8172
983
8904
4821
70
931
6948
6365
6985
1420
364
9112
1750
6536
6677
5992
2723
7471
2027
23
162
2308
7932
1900
6077
849
799
3036
7905
4527
2913
2553
7413
3882
1404
6077
3891
8894
8264
6694
4137
3209
7356
1596
8598
8067
4258
4523
8589
9385
4601
5118
1122
5714
9970
7533
6581
9146
90
9860
2330
7579
8112
3470
3029
5217
5803
6566
6123
8799
3031
6262
7257
5279
9142
4653
8944
8604
1020
2929
2614
2564
9508
7564
5392
6947
4381
4032
644
7442
716
1396
6135
2815
8162
9313
2603
1221
3152
142
3327
3012
7036
8717
6527
3249
7550
4354
5966
3040
1038
2336
8882
4359
474
8000
9187
5861
7135
4757
1387
3763
2088
2824
8615
6311
7458
8643
9633
165
8779
3307
9857
9498
7512
1172
4422
8079
4751
5328
4414
448
2966
2451
9849
4384
1123
4666
673
4355
7179
8656
4866
5871
680
441
5753
2562
6773
3650
7908
708
8041
8861
2419
6631
6614
1460
7572
1204
2080
336
2686
2566
8623
4774
1670
6713
8396
6783
8879
2676
2995
1172
3291
4858
5775
3644
1615
311
7868
8376
3012
6105
5866
8996
7908
6060
2642
7176
4422
8390
6503
5284
377
5893
1228
5080
5845
9146
615
6477
4213
8195
2733
7632
1724
5779
3098
1346
893
8480
7525
2538
4455
875
2383
3001
1265
2368
6472
1703
122
9370
7067
7669
7802
6256
7175
2640
1223
7808
2518
9512
2261
8611
8664
371
4724
2660
2611
9313
1815
2709
6167
2035
8348
7287
5780
723
3378
5190
527
2080
2769
2339
3031
7276
2664
7986
4351
4806
9248
9472
7877
585
8721
9494
8312
5560
782
6490
8980
6113
1198
6395
5001
9832
9825
633
7807
4590
4229
198
9617
3082
7689
5346
5267
9221
132
2095
7177
1773
5669
4677
8896
2093
4108
2493
7747
1855
4830
2218
5502
5722
926
1884
9026
6038
691
4485
9005
4990
3285
9890
8878
7124
8290
2311
7150
5071
5339
3154
4160
147
1249
1878
3982
7539
2613
7018
1162
5808
499
9141
3407
3005
5395
4953
8403
8559
7894
9167
3481
1960
1530
9009
4088
9202
7386
1790
4423
9478
5043
1995
3351
8391
7952
1844
3696
3864
8514
4981
4351
9424
4779
4218
8207
3935
1040
6910
8387
5847
8826
125
9645
8320
7658
2787
2999
3935
3046
7870
6737
6918
9714
3670
4471
9891
9555
1285
9836
3534
8327
474
635
6682
9671
5655
2546
499
8806
4525
162
4455
5812
851
962
1101
38
4901
1310
4758
7527
4104
6444
174
674
3636
1600
8807
7275
9130
4662
2959
2996
2132
9646
8764
501
7633
3803
7469
8869
6684
9833
3386
8927
8918
143
8720
1070
21
8370
4641
4346
3187
2255
7985
5399
6514
9016
3478
5663
8646
6326
8805
7610
4856
5011
9053
6681
8082
3663
2194
5255
6467
3939
1249
99
5818
6296
7938
941
5508
1663
2687
378
3955
4462
4239
6090
4552
9521
7420
4103
2919
9966
5575
1220
5351
1700
8195
9879
6335
7892
4175
9682
6039
707
5425
4211
8090
3828
1506
7517
1543
5377
6536
7105
1617
3189
3419
600
6652
4458
5634
1860
9791
9902
9438
1658
5004
2077
9262
4047
4385
1187
7979
4622
4770
1350
6617
7110
6724
4534
4173
2363
8799
1888
9770
9584
1054
9770
9729
5918
3275
2087
9606
4132
3868
5948
2338
6203
7640
6157
597
143
2691
8335
3277
4157
847
7601
7322
5153
4401
9522
443
1869
1481
8449
8937
2708
9018
3398
4217
3584
1710
2679
6930
7675
9697
1472
9245
5963
9139
807
6770
4765
2403
1942
2354
4907
8329
4548
3000
9688
9277
8286
1332
9683
1234
752
6318
1129
4802
430
4825
820
4704
3654
1445
7179
630
107
3871
3258
8996
7842
6688
2726
2382
7350
1993
7797
4335
9971
8783
1558
9500
5273
6524
1462
5611
3448
9213
933
1742
5353
5983
2063
3535
2011
9394
7531
170
8072
5739
1344
8134
8447
7795
5513
3869
6804
8271
6475
376
2771
3673
4152
2387
2369
2279
4817
3431
7210
3666
2183
5196
9090
6915
7796
9311
2887
9250
351
8802
7439
3093
5290
7961
271
8926
7860
7015
9883
2116
5953
8935
2207
6533
9368
6446
5806
8213
8130
9595
460
3789
9571
9546
278
6137
8371
6055
1402
7306
1919
1867
481
627
3040
7736
5152
163
9043
7217
5307
2490
6371
6684
9335
3751
7202
6385
1318
1112
2580
6887
108
8103
2902
2264
1227
7696
7062
8435
4128
9328
1055
3280
7528
3386
4482
8261
3038
9383
4098
2314
1859
139
1513
8210
3838
4085
649
4156
1545
4793
3189
1275
758
1335
7631
7895
4207
5110
6423
2121
5859
9368
8072
3050
5788
9779
9865
4780
3223
3279
5503
3770
8468
1624
9856
7494
7668
5640
9749
3144
1123
1065
5069
9129
5800
9474
2995
7733
5506
5941
5809
7729
7255
8974
9782
4327
5283
6087
2887
8521
3389
6470
5331
8678
119
7613
3231
2242
9064
7397
598
2929
499
1180
7009
3193
1762
32
6049
9153
483
7306
5176
4860
3347
5212
3607
2390
6873
3511
3193
3296
5920
8587
1595
7927
1111
2478
7863
5010
8194
4810
2662
3391
8916
983
9675
2811
8544
2545
1730
732
6727
6841
4085
8924
3760
1045
5176
7286
5396
6322
3163
4880
8484
9769
1339
2239
9295
1061
3686
7326
3968
213
8952
5003
2315
1187
8130
6542
1830
3218
9044
5633
483
2764
8073
388
7964
3480
3291
3875
7198
5415
7761
1308
769
3359
2044
8067
2597
9983
1484
1446
8556
7423
7400
9372
620
3639
9770
487
7595
9667
1399
5592
9828
4415
5480
9457
2110
1271
3916
1526
6785
6098
9076
4185
875
1151
5854
7509
6846
4459
4732
6016
8968
6689
2056
1278
1630
6913
1107
8368
3093
7110
680
186
1789
9829
6472
1211
4226
5058
6997
2997
2305
472
3701
6585
4267
3502
7967
1121
8410
7193
1644
2987
8309
3404
2253
6043
18
7147
9374
3726
514
9952
7533
7627
2185
8873
1580
9822
3938
590
8116
3801
7730
5943
727
1095
2432
5504
9300
4593
3098
8686
8041
239
7334
9312
7699
9418
7804
2541
1740
5100
2808
129
5162
2865
1451
4482
7430
2923
372
8383
1064
2696
3811
2232
9111
3553
5686
9712
8064
696
2710
2307
7796
9342
7063
9736
2342
2221
3892
3524
5975
8346
9084
6798
4281
8395
4905
9238
2704
1737
1594
9681
9120
7905
6748
5176
623
9585
7499
757
3650
3058
340
5569
2131
5577
9160
7354
6146
5337
7917
8608
2922
4159
3494
7164
1623
9158
2811
7504
2726
7251
9558
8621
4191
9681
3540
1486
3260
778
7713
1573
5904
7389
898
8932
9032
3236
744
1694
1557
3853
1651
7274
8556
3845
7823
1676
1328
1195
3721
9206
7127
4096
3409
1614
9091
8755
1852
1019
5546
3826
7327
9262
8195
2166
2078
1438
2420
6038
6256
2088
6861
8320
5466
2724
6437
3828
4134
2289
2600
726
5912
4846
3474
3691
6577
6112
3292
3338
9393
1462
8840
2441
9584
8072
6803
1764
692
4147
9752
5526
8648
3578
6121
8782
2424
2775
3144
861
5208
6954
8051
2909
434
9108
2204
9415
3916
9996
4004
2571
481
5643
6788
2364
8128
3769
1572
197
5626
554
1540
4460
778
6200
7724
6435
9234
2879
8983
4432
3316
5804
2755
9929
782
7804
7658
5845
6816
7562
8681
8929
1016
6363
1879
4252
9887
6333
308
8393
909
5117
2489
9846
542
766
2328
5930
9158
1754
7757
2331
8782
6114
7590
287
4886
904
8110
1371
9850
838
7384
9431
219
7312
7809
4992
4129
2677
1657
5652
9097
6444
7547
1115
7591
4087
42
3584
5428
2910
9440
2436
2046
6533
3343
1566
7709
421
6997
4997
5150
5190
2776
8398
8744
2881
959
2894
4954
2557
3456
3037
6995
2240
9198
9655
3469
8554
4349
3057
5363
5258
691
3474
2059
6141
2355
2693
794
9323
7828
4797
1398
7058
5197
6283
4353
1203
6997
5921
2678
9885
4336
5916
6088
4300
2005
1218
2121
6436
9614
6895
1827
1144
9678
2193
4421
8151
8681
4102
2569
3178
144
9744
2293
4401
5783
7940
5370
16
2984
9795
3489
8498
9629
5064
6877
1071
5145
5206
6554
5541
5622
3429
8569
6853
7333
1726
5084
7325
5352
6714
4236
4565
2433
9038
9976
3035
31
6146
2964
5405
8399
7862
661
4343
4318
7540
2157
9000
4692
3823
3390
6714
2119
754
8614
8983
1003
5186
7282
2217
7891
1011
701
4217
7912
6145
1454
1551
7061
5766
6730
3413
1220
762
3679
7537
5538
9069
3408
8706
6061
3206
7748
3744
7548
8475
4658
4402
8572
2098
8157
7655
7392
4547
6119
1500
1148
9897
1907
4658
3593
2554
7993
9719
8527
8669
5241
5262
8327
7506
3638
7893
6726
8175
2278
5515
4490
9309
8993
2288
5912
9343
48
8513
9968
9738
9892
2082
4289
6954
7463
6172
2729
8691
1769
5980
9703
8213
3728
7610
2930
7941
6211
7121
93
8744
2718
2827
8989
9559
1736
9804
6781
2745
8288
556
2581
7752
5811
3033
281
1157
5121
4908
4999
995
1655
4417
9461
9829
9962
6151
9590
708
1003
7239
9392
876
3907
820
8101
138
3167
3710
2175
7305
2938
9715
225
8473
823
9710
7919
4121
6146
5001
3637
7013
5756
3546
7577
1299
9443
809
7083
4610
4958
8909
1325
7365
7152
3539
1816
4542
7080
4387
6841
1152
7126
2554
8172
5987
3522
7048
7198
7905
4301
8679
8579
1406
6376
7567
7847
9984
8192
7644
6365
5793
4643
5441
5378
5731
4765
6078
9992
8120
7841
3060
1846
1731
6265
1430
4891
2008
8291
1880
5673
175
4944
3558
4920
7035
5681
4412
2494
3122
1351
5088
22
6386
5363
4929
7747
364
3689
3557
2085
9266
8134
1924
6047
4111
4632
6153
6298
148
1832
8644
6089
3325
3659
5518
6268
1831
227
5223
9124
8595
4581
3786
9213
7890
6388
9287
1118
9144
3196
4426
4462
6590
913
2337
580
6648
3015
2062
8303
3881
9674
2649
7685
6514
7901
5974
3371
2469
6491
8055
8833
4659
6369
1339
2505
5327
5768
6428
4990
25
6336
4752
7376
4698
2405
5012
9819
9817
8615
7778
2988
2955
3848
5489
8168
1943
986
194
5908
5287
9913
7595
6079
53
935
6175
1017
9179
4012
4
985
9006
4614
4007
691
4210
2214
5134
8338
5345
7755
8021
8127
3967
2815
929
405
2943
195
3045
2360
8728
3765
3863
6507
9842
4348
6175
6226
9772
4274
1608
8427
7058
4069
9601
7279
8102
1906
1632
9680
8651
7777
6819
8234
2040
4265
6366
8879
6205
7566
6957
8397
2804
8379
2859
8746
5869
734
9733
7240
6067
4426
8313
9890
4935
4854
6047
2091
6945
9263
7204
8512
9214
8812
6515
4770
8121
4252
3504
2108
6081
7715
1493
5471
5818
5593
8177
2213
3609
7366
2280
7511
307
9690
7090
636
1281
3916
4108
3182
4220
8996
6192
9478
3666
4781
2647
2319
3525
2873
2708
450
4449
1383
2348
3017
3261
6925
8496
2724
686
9370
1554
1170
8570
2701
3987
3308
5540
15
8290
3654
7578
4407
8801
9656
1490
7620
5926
8238
3643
9397
2788
3207
3991
8673
1633
1610
3317
321
5819
1945
625
3492
669
6818
3237
7312
9965
5801
4623
5166
4440
7650
2660
9110
1115
2699
4973
1087
1991
2933
5722
6429
7822
7832
3752
9184
8527
7489
1042
9871
9917
2698
6631
1022
8603
8018
470
9330
8303
1452
1446
6836
381
1992
3100
8222
8242
4356
2776
7257
5686
8301
1603
3844
5622
7637
2104
120
9998
1777
9303
242
4745
2059
5714
5311
805
7907
1531
9470
7995
6889
7480
1742
5269
5387
8280
1597
385
1183
4260
5981
5202
493
9730
4718
1348
4091
5485
7216
9526
6181
1764
388
7878
9269
4025
7164
9141
2004
3146
1106
1577
6432
9179
668
2326
4199
2504
4975
45
9488
4733
3372
7903
7878
6909
5211
424
3412
3994
6535
5780
3879
5523
3307
8749
8309
4721
8396
356
4346
7636
3464
5352
5046
9145
7009
7574
2499
8
2816
6945
3365
1602
3435
4125
8551
9257
2556
9692
2395
6201
9238
3562
7813
9994
2419
419
1487
3703
4531
4287
2558
5074
7206
7568
9802
8696
9521
3325
4649
6222
1567
5343
8402
8433
7497
9396
7882
3934
5340
7135
6949
7721
7591
8928
3002
4418
1716
2286
3433
2672
9753
3894
5270
3005
6927
5725
309
4717
6775
3541
8084
8975
889
2868
7159
1823
7394
6342
7565
4830
8753
2207
8619
6889
3882
9329
1334
1005
7390
8345
9646
9527
5671
9215
382
7589
9166
5594
1146
2309
2666
389
8657
48
4814
5230
9456
4609
3188
5795
7661
786
142
4459
4771
2004
7185
9420
9278
2819
8984
1188
4829
9663
193
5926
5991
3241
2279
1139
3464
1431
1003
8115
9599
9683
870
1321
8379
9276
6064
1777
2147
8706
7046
8803
8068
7812
7257
3200
1549
3005
2470
821
6432
5987
4656
7151
5540
8605
7781
4112
8257
7028
175
5465
2960
3103
6614
9928
1687
8311
2042
4386
5958
231
6018
4618
8906
3761
3491
3536
2278
1107
9007
8218
4996
2649
7894
4037
8643
6747
5855
3563
4464
5813
9259
9094
4539
1055
3115
8121
5497
5714
5346
882
1324
9546
7367
6416
6068
8426
8729
4360
9896
5790
6158
3122
4773
7176
5313
2200
327
2359
9953
8052
1297
8295
9249
9999
1122
3308
9814
9481
2482
7107
590
8567
9159
5396
3988
4393
636
2572
455
7606
1628
3202
8625
2433
7984
3930
8665
6108
429
150
90
8624
3869
2236
7724
8011
3947
7079
3007
3871
6296
6706
9740
402
3955
8674
420
7005
9838
674
7624
2699
7102
6946
5900
3055
4295
6132
924
3094
7172
1306
3478
9866
4430
3512
1436
531
7889
7025
9103
5356
3876
8595
9877
4610
8591
9398
4159
3492
266
3950
981
9237
1041
3406
1066
9907
9003
2848
8059
2491
4852
5904
3427
1675
687
7005
913
2312
5023
6356
9173
263
6911
1873
1635
1623
7921
9106
5361
4862
8082
2188
8294
241
2022
7219
2855
6123
9327
9538
5643
5991
8609
1148
4106
6321
4806
1195
3019
1673
3424
