8493
1885
4758
7157
8669
6684
393
5477
7447
4153
2247
8857
5075
1288
7736
9242
7843
4022
9748
9474
3034
3363
7494
9008
3978
6489
8042
1891
5534
9535
1358
2260
7065
3839
8055
5641
2628
6925
9901
1453
7453
7094
2344
8725
4951
320
9352
537
7957
5657
4769
5376
1395
1602
1035
6287
8612
2771
6737
9507
1952
3768
570
5852
8683
3605
8905
2883
2247
5761
2742
3453
9248
265
2489
7257
5094
5742
3056
4710
6774
7333
8040
4741
9423
8287
6755
7493
4791
2889
7343
2079
4931
2819
3551
8689
4847
6710
3801
6064
3980
1933
9972
514
1329
2113
9744
7623
1397
2225
3470
2363
9675
986
5871
3178
7420
6113
1255
9580
7892
178
4543
8446
4503
1770
5412
4286
6857
5457
1024
9523
3106
6742
6419
4653
3812
1075
3533
3523
8097
4857
8022
4820
8106
3509
5515
4185
134
1387
3722
5104
9982
3442
4719
2409
8964
8411
5213
3178
8206
1230
2949
1957
2039
6174
1852
5755
6217
3346
7295
9664
6703
7193
23
8527
5680
8245
7733
9673
7114
9755
4487
2093
6787
7547
1368
4755
9696
2236
2994
3748
5868
6511
9213
2154
5184
6662
8776
6242
4598
277
5794
2818
2195
2451
771
4536
707
4503
8552
4796
8622
8433
5240
4437
1986
8568
6847
7832
4515
1873
4824
436
1882
3577
3544
3893
7579
6162
6863
129
2460
4921
2738
2087
7490
8471
3097
5275
7019
8112
7515
9229
526
3146
8648
9438
2367
5718
915
4565
6273
9110
2826
5502
9406
6400
3206
4093
6892
4716
3019
6238
8315
6076
4682
8334
6451
2088
1060
3594
4024
9383
7773
3840
8664
5030
1709
6753
5917
5444
8037
8853
5539
4799
5944
7052
9459
6384
2623
9372
8638
5255
2728
9229
9770
6393
9514
7530
2016
7392
6124
4007
2124
7714
8878
4292
7595
7
5518
5398
3658
4421
8232
7025
1688
4467
7912
4016
1613
308
4143
9269
6881
1909
5763
2347
3706
4673
64
9966
8506
294
770
7532
1011
4755
7321
1428
8065
7299
5412
3988
1029
9552
1288
7376
6793
9831
6777
790
1646
5908
747
9846
8547
2069
5975
5243
140
2979
3396
5820
9432
2842
8223
7563
8715
5562
1542
6892
7693
5885
7135
4540
3614
9170
7430
7024
1268
3904
5288
343
4558
9727
9995
7767
6503
1121
8350
7272
3747
2180
1532
164
5889
1938
3780
5792
6552
9099
3310
8031
675
378
8972
9452
7321
4811
6827
1049
5019
8482
317
7612
6702
7671
9048
8394
1509
296
9564
4916
4646
3619
6871
4710
5848
3887
8654
7396
7207
5465
8894
2509
819
7794
9348
5382
9322
5618
8605
5459
2786
9844
2695
187
7086
1386
7980
6668
4362
9664
6764
2358
5742
8104
9630
6699
8999
6425
897
5779
1408
8910
8190
5346
7918
8208
9447
7148
9486
2679
1358
2342
8233
6487
8425
1155
7054
2283
1125
273
1004
4266
5841
905
5133
7428
2763
5338
9089
7937
9688
781
9709
8481
1164
5207
8044
6947
9630
4137
4302
5792
7495
4634
272
1635
9511
6989
9095
7209
2020
1020
9111
746
9990
1627
8258
3643
9424
1470
8371
1523
8511
478
4456
7210
1762
1295
7802
188
4627
8090
3397
996
8306
7910
5187
2670
5241
3573
2368
2424
3724
2949
4567
2648
5920
9915
6410
3888
4029
8006
1678
2707
2906
6177
8623
7731
3579
5649
7567
2301
4985
9097
3141
9493
3899
5959
3935
4265
383
2614
2322
8135
2363
7425
9212
107
2227
6466
9403
2083
5751
169
7172
4481
5307
6305
9578
9257
3391
7946
7285
162
446
355
597
1847
7052
3889
9634
6900
8928
6418
257
5926
8603
4868
7023
9579
7986
5184
1008
6194
8301
8138
1109
8816
8483
3666
9882
795
7814
7849
8020
8148
2923
9007
9084
8981
1150
72
6256
4013
479
6
8419
6220
1975
4172
8380
6657
8052
2453
2342
6680
7
902
409
8976
4480
3127
2152
7503
269
725
1629
5004
5430
8085
1773
6632
7786
9871
4375
7568
5042
1779
7814
242
2008
3860
1643
9077
3942
9252
8025
1539
5291
5922
7881
3321
6482
2830
8164
254
9762
5225
8057
8494
9626
5593
8036
1131
1156
2876
9864
9399
712
1682
1441
2691
673
2559
7375
6135
6606
7748
4159
5687
1802
7630
1064
3984
2856
204
9736
9915
7229
8995
5978
4275
4407
9753
45
7087
3890
1403
36
3352
2358
5646
4999
2475
4438
8107
8424
5433
3879
8587
1293
8694
7098
9768
5955
1126
5493
1547
4594
8215
1562
6813
9941
4710
5319
1643
1884
8294
8170
9840
6558
1334
4238
7434
8901
6791
7031
6031
4371
8645
205
1148
5798
7501
6651
8568
3161
7821
7830
3765
5843
2175
1442
6411
9750
1363
5665
2738
6852
3165
2259
3181
1424
6061
7596
5828
773
1829
5114
5151
8309
1944
7109
6098
380
1256
6661
7125
821
3826
503
6662
5895
805
686
5205
5407
4900
8677
8446
2521
5444
3345
1228
8606
1239
909
3451
7491
3412
6215
695
7920
6929
5293
8221
637
2098
3638
5863
9186
1904
6263
9123
7181
2433
9855
6786
5759
9541
786
5146
8785
6848
2774
4685
5950
6818
130
9239
6996
7462
5337
2429
2641
4063
311
1016
3727
8464
7240
8561
8539
5872
2791
7162
4894
5253
8697
4621
7397
1994
8115
4658
6320
8969
6417
7061
9110
5935
8779
5305
1768
6602
3725
5387
3593
2236
412
6025
3221
6927
4103
9453
1031
3260
9773
6515
5615
3163
7777
9585
9340
4052
307
3389
3782
6357
1064
1894
4452
6925
5020
6028
3928
433
1304
8848
5984
2074
5956
7106
8692
4316
4664
5839
1160
8682
8233
6840
3903
393
9818
2406
4728
6314
1379
1749
4141
1453
6857
4237
5512
2989
7809
5577
8795
2672
7338
8514
9672
8627
3203
5113
9279
7292
9235
724
1113
5414
3416
8
8189
7030
9560
645
7406
454
8081
2227
1362
6564
4241
7863
3266
8139
6099
565
351
3367
2212
392
1391
4000
4414
7187
