224
826
232
272
157
727
751
567
889
341
563
426
792
901
456
378
743
700
71
758
550
958
618
735
813
296
875
306
863
251
995
45
606
43
607
842
631
643
961
613
733
945
307
395
83
337
917
165
331
827
138
108
714
368
696
879
590
749
695
502
668
23
1
899
479
914
716
582
813
664
909
251
382
525
303
195
207
699
965
567
972
716
200
112
642
899
169
354
249
328
695
724
739
954
161
503
171
387
55
71
271
955
419
564
775
682
172
580
448
881
16
456
89
590
900
899
558
44
365
436
929
525
596
699
594
953
497
642
808
314
58
806
864
58
450
603
459
373
802
906
684
607
567
607
976
889
311
667
210
556
354
646
369
726
913
494
581
532
536
669
181
615
482
679
75
708
238
189
173
328
215
547
118
367
622
514
580
322
224
469
885
46
955
383
349
614
269
850
127
949
345
934
263
701
293
442
636
463
55
140
886
658
970
909
286
89
402
887
960
934
56
861
49
940
799
491
2
181
988
765
818
630
939
316
296
429
331
413
229
861
793
643
260
973
175
416
497
522
75
552
682
752
742
14
705
678
197
317
756
382
59
368
858
0
900
246
711
435
168
306
2
41
821
988
822
509
896
619
743
449
613
746
922
97
382
60
435
3
497
901
511
632
530
213
20
594
127
88
539
216
124
2
491
768
566
27
162
911
704
371
519
21
313
762
238
995
552
94
465
67
797
267
742
625
170
202
637
411
347
222
128
141
532
219
140
618
775
744
896
232
471
204
631
966
795
476
124
973
964
627
395
572
780
632
586
584
964
309
766
7
51
832
783
580
995
201
826
236
876
721
551
448
10
57
72
66
249
315
663
170
953
460
310
857
615
713
782
996
753
884
941
555
186
29
703
900
798
412
923
480
920
429
677
684
10
431
20
710
266
322
541
841
822
771
7
181
147
748
285
735
33
440
241
327
853
879
400
22
88
655
377
362
798
155
276
592
963
562
382
104
166
140
155
953
859
727
329
91
694
455
215
741
456
618
760
469
480
930
553
25
717
576
654
424
130
212
73
101
979
794
570
875
239
498
53
197
54
751
435
740
650
735
314
294
569
992
728
266
792
775
172
423
780
812
37
930
193
601
157
573
104
353
286
695
413
150
460
657
240
667
815
236
552
545
542
642
450
56
23
106
718
384
689
447
970
368
887
45
399
192
536
181
543
523
675
506
460
337
249
750
953
975
906
508
317
996
377
806
976
177
586
478
78
932
795
889
59
337
207
359
253
323
292
228
304
382
88
168
994
971
750
667
620
472
682
761
186
812
132
655
900
907
363
464
976
89
332
500
555
315
756
305
262
918
291
377
869
351
739
66
734
141
237
830
133
39
996
973
586
55
88
293
811
931
300
480
398
430
586
421
570
137
740
985
788
743
584
831
516
688
173
280
596
862
130
231
502
31
739
652
423
331
517
89
530
345
362
353
721
400
102
488
956
186
959
708
654
954
654
634
35
757
924
709
107
979
980
263
939
371
728
650
178
782
951
404
756
614
356
111
66
510
61
624
367
916
522
403
307
205
826
111
308
233
653
268
213
919
892
593
936
585
502
741
958
844
912
966
292
421
160
477
969
509
31
207
930
658
224
715
598
320
968
471
619
917
837
919
542
424
753
866
927
837
679
344
35
667
134
81
777
879
18
738
572
816
604
134
791
572
836
270
658
338
105
67
654
813
597
499
163
309
211
830
994
704
607
84
929
515
598
687
685
292
570
475
542
599
993
678
895
655
265
818
308
951
753
332
206
953
282
403
133
460
198
176
863
86
290
435
538
946
404
610
466
113
417
904
958
244
128
811
467
990
381
718
541
465
635
680
494
69
387
24
429
380
988
296
289
123
392
405
269
80
330
997
692
568
37
660
81
260
812
628
130
187
143
206
824
115
323
685
633
35
746
499
642
970
560
660
155
16
758
574
476
748
533
126
704
228
200
92
242
605
677
844
895
485
816
64
945
821
692
253
394
533
424
732
757
320
361
900
706
943
267
49
965
254
489
453
437
575
566
362
153
827
378
178
365
583
548
683
232
418
527
211
401
838
12
387
676
894
799
499
334
185
197
862
506
795
839
40
58
656
560
711
332
544
814
191
584
196
187
106
187
787
543
577
82
978
546
276
460
518
238
220
544
903
793
468
135
470
408
523
697
999
190
305
349
909
194
95
312
214
426
584
488
540
530
648
212
683
489
14
53
217
796
588
435
115
747
262
642
120
227
677
283
459
831
67
8
167
97
914
607
565
36
295
550
277
