557
464
918
959
69
844
359
43
134
949
790
972
731
263
295
312
714
982
944
377
468
599
98
575
109
805
53
816
568
153
10
525
728
454
89
418
140
870
234
45
783
897
344
37
962
890
191
43
419
429
36
488
492
638
405
373
991
953
461
598
600
309
362
679
755
201
550
193
443
887
795
580
329
716
147
484
834
488
364
392
899
419
555
784
886
664
334
520
599
297
243
673
835
749
461
202
828
186
715
371
950
889
641
228
8
653
208
673
533
755
977
522
722
753
639
509
861
588
749
324
497
384
573
621
946
656
736
958
578
810
552
238
984
900
999
112
301
639
693
828
747
998
870
703
760
335
590
850
566
676
971
455
326
436
813
733
674
6
308
751
796
429
677
23
218
377
618
790
976
101
788
605
705
882
78
30
809
516
832
826
995
460
210
626
210
51
344
919
161
238
790
821
382
277
540
306
885
351
235
205
883
845
942
678
342
647
992
608
817
482
494
835
695
584
819
866
680
524
161
567
870
474
650
526
943
406
876
397
214
845
505
354
294
995
750
550
733
371
859
644
321
997
491
274
331
273
615
402
554
229
205
231
535
410
596
205
836
622
250
717
813
413
688
614
43
585
173
516
885
687
283
568
783
294
916
233
381
559
375
98
749
892
228
835
308
678
625
668
605
478
640
542
287
576
745
982
245
953
109
57
903
425
515
505
588
933
876
894
353
384
213
679
323
642
30
951
140
827
224
997
322
406
122
339
782
606
713
623
517
788
414
147
683
686
787
697
442
724
672
387
334
623
491
743
746
802
867
264
592
949
480
30
184
911
772
788
720
45
590
886
383
250
431
408
815
313
989
804
601
795
835
684
857
331
740
290
427
582
235
842
778
614
855
327
318
424
814
109
497
866
565
273
841
514
882
945
222
924
849
428
912
680
509
386
817
592
380
414
361
579
161
610
947
985
872
468
599
513
528
92
680
747
698
393
528
363
982
877
858
20
98
954
815
420
508
962
707
705
637
831
746
855
574
955
638
469
314
540
750
947
390
212
635
256
583
689
370
676
979
680
487
859
479
416
942
311
242
499
692
923
779
363
727
448
338
849
888
971
431
375
241
385
749
259
640
893
851
917
909
648
713
856
760
932
402
431
632
922
338
394
405
978
89
234
256
997
865
968
890
361
709
530
883
672
960
271
122
386
310
734
250
396
936
258
672
442
790
741
656
767
206
23
716
488
863
751
947
604
423
857
410
372
316
274
412
651
571
656
368
455
620
457
975
791
155
765
812
335
275
518
834
431
364
520
577
644
978
723
719
913
213
711
406
976
419
949
639
960
665
541
977
865
217
221
523
996
235
979
797
770
329
945
869
860
239
872
586
865
593
550
823
334
740
998
439
989
206
872
326
686
975
421
619
210
985
476
310
913
687
478
681
892
434
594
575
943
504
458
759
592
861
408
335
588
578
51
355
955
356
739
927
246
417
761
293
842
287
483
531
265
550
995
525
635
840
862
650
813
471
762
528
632
683
587
656
885
926
583
572
974
428
463
813
271
446
413
341
231
357
293
732
507
686
818
701
575
960
479
688
721
296
280
653
957
386
563
294
251
653
949
475
301
547
926
687
816
509
551
873
658
242
443
542
384
951
297
606
251
619
413
911
340
347
497
432
255
270
294
806
442
426
981
842
206
968
971
511
265
424
290
365
592
267
744
532
584
920
240
465
558
869
429
962
661
844
547
921
318
851
310
357
485
770
239
404
494
779
443
994
790
277
685
498
998
784
376
218
993
220
450
454
716
574
949
930
296
667
184
525
244
571
949
686
988
675
387
186
337
974
509
463
880
315
714
367
465
23
828
212
819
515
394
487
404
791
299
450
92
396
612
457
366
205
305
650
430
514
272
848
644
995
878
401
557
820
746
310
731
635
596
51
552
766
305
660
231
273
753
548
644
241
268
977
322
423
750
681
334
226
609
57
445
434
736
650
403
532
639
445
813
779
510
456
821
284
281
281
484
258
492
549
470
606
547
215
228
233
348
636
561
288
901
249
864
509
877
665
234
602
230
892
321
314
356
607
967
424
811
980
586
357
859
855
805
534
560
685
273
353
427
274
900
343
904
418
747
693
275
776
692
443
474
219
922
234
805
215
219
702
550
926
941
775
913
250
315
657
710
416
800
694
845
678
583
358
881
425
695
725
995
325
520
946
750
554
854
954
536
449
554
420
234
989
822
926
217
473
299
869
690
539
913
930
997
795
676
432
913
795
469
923
841
736
684
530
622
905
693
920
904
